-- Deadmines instance 5 Normal 
DELETE FROM `creature` WHERE map=36;
INSERT INTO `creature` VALUES (147141, 48262, 36, 1581, 1581, 1, 1, 37382, 0, -185.094, -428.71, 54.1505, 2.54818, 7200, 8, 0, 1968, 0, 1, 0, 0, 0);
INSERT INTO `creature` VALUES (147142, 48230, 36, 1581, 1581, 1, 1, 10704, 0, -115.431, -431.451, 55.0773, 0, 7200, 5, 0, 1312, 0, 1, 0, 0, 0);
INSERT INTO `creature` VALUES (147143, 48230, 36, 1581, 1581, 1, 1, 10704, 0, -97.5538, -398.875, 58.4307, 2.56563, 7200, 3, 0, 1312, 0, 1, 0, 0, 0);
INSERT INTO `creature` VALUES (147144, 48230, 36, 1581, 1581, 1, 1, 10704, 0, -126.363, -392.281, 58.8804, 0.855211, 7200, 5, 0, 1312, 0, 1, 0, 0, 0);
INSERT INTO `creature` VALUES (147147, 47284, 36, 1581, 1581, 1, 1, 11686, 0, -181.012, -456.194, 54.7731, 0, 7200, 0, 0, 42, 0, 0, 0, 0, 0);
INSERT INTO `creature` VALUES (147148, 48266, 36, 1581, 1581, 1, 1, 21788, 0, -122.925, -388.813, 59.0769, 0.401426, 7200, 0, 0, 328, 0, 0, 0, 0, 0);
INSERT INTO `creature` VALUES (147150, 48262, 36, 1581, 1581, 1, 1, 37382, 0, -190.826, -425.172, 54.1097, 5.89921, 7200, 8, 0, 1968, 0, 1, 0, 0, 0);
INSERT INTO `creature` VALUES (147151, 47242, 36, 1581, 1581, 1, 1, 11686, 0, -82.5642, -830.498, 39.7044, 5.39307, 7200, 0, 0, 42, 0, 0, 0, 0, 0);
INSERT INTO `creature` VALUES (147152, 47242, 36, 1581, 1581, 1, 1, 11686, 0, -58.0365, -812.931, 41.8374, 5.67232, 7200, 0, 0, 42, 0, 0, 0, 0, 0);
INSERT INTO `creature` VALUES (147153, 45979, 36, 1581, 1581, 1, 1, 11686, 0, -211.771, -564.958, 21.0601, 1.8675, 7200, 0, 0, 77490, 0, 0, 0, 0, 0);
INSERT INTO `creature` VALUES (147154, 48505, 36, 1581, 1581, 1, 1, 184, 0, -136.177, -603.12, 15.8018, 1.36136, 7200, 0, 0, 1312, 0, 0, 0, 0, 0);
INSERT INTO `creature` VALUES (147160, 48343, 36, 1581, 1581, 1, 1, 36117, 0, -226.268, -488.837, 48.603, 2.52211, 7200, 10, 0, 42, 0, 1, 0, 0, 0);
INSERT INTO `creature` VALUES (147161, 45979, 36, 1581, 1581, 1, 1, 11686, 0, -30.6337, -727.731, 8.52102, 0, 7200, 0, 0, 77490, 0, 0, 0, 0, 0);
INSERT INTO `creature` VALUES (147162, 48441, 36, 1581, 1581, 1, 1, 30186, 0, -220.229, -503.561, 50.3507, 3.29867, 7200, 0, 0, 300, 0, 0, 0, 0, 0);
INSERT INTO `creature` VALUES (147165, 47242, 36, 1581, 1581, 1, 1, 11686, 0, -203.56, -450.4, 65.2096, 3.33678, 7200, 0, 0, 42, 0, 0, 0, 0, 0);
INSERT INTO `creature` VALUES (147167, 47284, 36, 1581, 1581, 1, 1, 11686, 0, -203.043, -448.563, 54.1013, 0, 7200, 0, 0, 42, 0, 0, 0, 0, 0);
INSERT INTO `creature` VALUES (147168, 48284, 36, 1581, 1581, 1, 1, 36085, 0, -275.771, -502.406, 50.0816, 0, 7200, 0, 0, 3, 0, 0, 0, 0, 0);
INSERT INTO `creature` VALUES (147169, 48230, 36, 1581, 1581, 1, 1, 10704, 0, -135.946, -405.498, 58.1496, 3.00197, 7200, 8, 0, 1312, 0, 1, 0, 0, 0);
INSERT INTO `creature` VALUES (147171, 47242, 36, 1581, 1581, 1, 1, 11686, 0, -208.259, -567.292, 21.0601, 0, 7200, 0, 0, 42, 0, 0, 0, 0, 0);
INSERT INTO `creature` VALUES (147172, 47242, 36, 1581, 1581, 1, 1, 11686, 0, -75.5295, -831.818, 40.2749, 2.46091, 7200, 0, 0, 42, 0, 0, 0, 0, 0);
INSERT INTO `creature` VALUES (147173, 48266, 36, 1581, 1581, 1, 1, 21788, 0, -40.0035, -793.302, 39.4754, 1.0472, 7200, 0, 0, 328, 0, 0, 0, 0, 0);
INSERT INTO `creature` VALUES (147174, 47242, 36, 1581, 1581, 1, 1, 11686, 0, -68.934, -829.365, 40.8772, 3.10669, 7200, 0, 0, 42, 0, 0, 0, 0, 0);
INSERT INTO `creature` VALUES (147176, 47677, 36, 1581, 1581, 1, 1, 11686, 0, -63.7604, -820.811, 41.2875, 0, 7200, 0, 0, 42, 0, 0, 0, 0, 0);
INSERT INTO `creature` VALUES (147178, 48284, 36, 1581, 1581, 1, 1, 36085, 0, -109.484, -621.764, 14.7253, 0, 7200, 0, 0, 3, 0, 0, 0, 0, 0);
INSERT INTO `creature` VALUES (147179, 47242, 36, 1581, 1581, 1, 1, 11686, 0, -72.8733, -808.346, 40.4807, 0, 7200, 0, 0, 42, 0, 0, 0, 0, 0);
INSERT INTO `creature` VALUES (147180, 47242, 36, 1581, 1581, 1, 1, 11686, 0, -88.1024, -831.63, 39.2559, 0, 7200, 0, 0, 42, 0, 0, 0, 0, 0);
INSERT INTO `creature` VALUES (147181, 47242, 36, 1581, 1581, 1, 1, 11686, 0, -200.03, -565.434, 21.0601, 0, 7200, 0, 0, 42, 0, 0, 0, 0, 0);
INSERT INTO `creature` VALUES (147182, 47242, 36, 1581, 1581, 1, 1, 11686, 0, -61.9878, -829.885, 41.5003, 2.44346, 7200, 0, 0, 42, 0, 0, 0, 0, 0);
INSERT INTO `creature` VALUES (147183, 45979, 36, 1581, 1581, 1, 1, 11686, 0, 0.512153, -768.229, 9.80134, 0, 7200, 0, 0, 77490, 0, 0, 0, 0, 0);
INSERT INTO `creature` VALUES (147185, 47242, 36, 1581, 1581, 1, 1, 11686, 0, -206.783, -429.919, 65.1862, 3.67857, 7200, 0, 0, 42, 0, 0, 0, 0, 0);
INSERT INTO `creature` VALUES (147186, 45979, 36, 1581, 1581, 1, 1, 11686, 0, -289.587, -489.575, 49.9126, 4.71239, 7200, 0, 0, 77490, 0, 0, 0, 0, 0);
INSERT INTO `creature` VALUES (147188, 47242, 36, 1581, 1581, 1, 1, 11686, 0, -79.3229, -806.665, 39.93, 0, 7200, 0, 0, 42, 0, 0, 0, 0, 0);
INSERT INTO `creature` VALUES (147189, 47242, 36, 1581, 1581, 1, 1, 11686, 0, -79.2431, -834.884, 39.9758, 0, 7200, 0, 0, 42, 0, 0, 0, 0, 0);
INSERT INTO `creature` VALUES (147190, 45979, 36, 1581, 1581, 1, 1, 11686, 0, -194.476, -433.931, 53.5273, 4.85202, 7200, 0, 0, 77490, 0, 0, 0, 0, 0);
INSERT INTO `creature` VALUES (147191, 47242, 36, 1581, 1581, 1, 1, 11686, 0, -56.4115, -827.823, 42.0163, 0, 7200, 0, 0, 42, 0, 0, 0, 0, 0);
INSERT INTO `creature` VALUES (147192, 48338, 36, 1581, 1581, 1, 1, 36119, 0, -188.042, -497.33, 53.3696, 4.41967, 7200, 0, 0, 1312, 0, 0, 0, 0, 0);
INSERT INTO `creature` VALUES (147194, 48284, 36, 1581, 1581, 1, 1, 36085, 0, -153.854, -533.601, 49.6608, 0, 7200, 0, 0, 3, 0, 0, 0, 0, 0);
INSERT INTO `creature` VALUES (147195, 47242, 36, 1581, 1581, 1, 1, 11686, 0, -205.571, -442.113, 59.5037, 3.67858, 7200, 0, 0, 42, 0, 0, 0, 0, 0);
INSERT INTO `creature` VALUES (147199, 48341, 36, 1581, 1581, 1, 1, 36115, 0, -187.855, -497.553, 53.4452, 1.3065, 7200, 0, 0, 42, 0, 0, 0, 0, 0);
INSERT INTO `creature` VALUES (147200, 48341, 36, 1581, 1581, 1, 1, 36115, 0, -226.518, -488.741, 48.503, 2.52211, 7200, 0, 0, 42, 0, 0, 0, 0, 0);
INSERT INTO `creature` VALUES (147201, 48341, 36, 1581, 1581, 1, 1, 36115, 0, -226.463, -488.783, 48.603, 2.52211, 7200, 0, 0, 42, 0, 0, 0, 0, 0);
INSERT INTO `creature` VALUES (147202, 48341, 36, 1581, 1581, 1, 1, 36115, 0, -187.876, -497.62, 53.5452, 1.3065, 7200, 0, 0, 42, 0, 0, 0, 0, 0);
INSERT INTO `creature` VALUES (147203, 47242, 36, 1581, 1581, 1, 1, 11686, 0, -60.9792, -835.979, 41.5982, 0, 7200, 0, 0, 42, 0, 0, 0, 0, 0);
INSERT INTO `creature` VALUES (147205, 47284, 36, 1581, 1581, 1, 1, 11686, 0, -176.099, -431.241, 55.2092, 0, 7200, 0, 0, 42, 0, 0, 0, 0, 0);
INSERT INTO `creature` VALUES (147207, 47242, 36, 1581, 1581, 1, 1, 11686, 0, -73.6458, -814.604, 40.402, 3.97935, 7200, 0, 0, 42, 0, 0, 0, 0, 0);
INSERT INTO `creature` VALUES (147208, 48522, 36, 1581, 1581, 1, 1, 2348, 0, -48.3003, -852.727, 18.4557, 5.39307, 7200, 0, 0, 1312, 0, 0, 0, 0, 0);
INSERT INTO `creature` VALUES (147209, 48266, 36, 1581, 1581, 1, 1, 21788, 0, -89.2569, -782.528, 17.2564, 1.55334, 7200, 0, 0, 328, 0, 0, 0, 0, 0);
INSERT INTO `creature` VALUES (147210, 48340, 36, 1581, 1581, 1, 1, 36114, 0, -226.403, -488.768, 48.553, 2.52211, 7200, 0, 0, 42, 0, 0, 0, 0, 0);
INSERT INTO `creature` VALUES (147211, 47242, 36, 1581, 1581, 1, 1, 11686, 0, -175.354, -433.016, 55.9103, 5.40378, 7200, 0, 0, 42, 0, 0, 0, 0, 0);
INSERT INTO `creature` VALUES (147212, 47242, 36, 1581, 1581, 1, 1, 11686, 0, -68.1302, -822.918, 40.888, 4.08407, 7200, 0, 0, 42, 0, 0, 0, 0, 0);
INSERT INTO `creature` VALUES (147215, 48266, 36, 1581, 1581, 1, 1, 21788, 0, -46.901, -783.155, 18.4898, 1.16937, 7200, 0, 0, 328, 0, 0, 0, 0, 0);
INSERT INTO `creature` VALUES (147216, 48278, 36, 1581, 1581, 1, 1, 30187, 0, -220.377, -485.104, 49.332, 1.01229, 7200, 0, 0, 300, 0, 0, 0, 0, 0);
INSERT INTO `creature` VALUES (147218, 47284, 36, 1581, 1581, 1, 1, 11686, 0, -181.127, -423.819, 54.8461, 0, 7200, 0, 0, 42, 0, 0, 0, 0, 0);
INSERT INTO `creature` VALUES (147220, 47242, 36, 1581, 1581, 1, 1, 11686, 0, -67.6128, -814.219, 40.944, 3.76991, 7200, 0, 0, 42, 0, 0, 0, 0, 0);
INSERT INTO `creature` VALUES (147221, 47242, 36, 1581, 1581, 1, 1, 11686, 0, -101.122, -813.936, 38.2438, 0, 7200, 0, 0, 42, 0, 0, 0, 0, 0);
INSERT INTO `creature` VALUES (147222, 47282, 36, 1581, 1581, 1, 1, 11686, 0, -188.757, -452.146, 54.5701, 0, 7200, 0, 0, 42, 0, 0, 0, 0, 0);
INSERT INTO `creature` VALUES (147225, 47242, 36, 1581, 1581, 1, 1, 11686, 0, -206.163, -568.849, 24.6352, 0, 7200, 0, 0, 42, 0, 0, 0, 0, 0);
INSERT INTO `creature` VALUES (147226, 45979, 36, 1581, 1581, 1, 1, 11686, 0, -289.16, -505.155, 50.0993, 0, 7200, 0, 0, 77490, 0, 0, 0, 0, 0);
INSERT INTO `creature` VALUES (147227, 48284, 36, 1581, 1581, 1, 1, 36085, 0, -292.052, -575.366, 48.8457, 0, 7200, 0, 0, 3, 0, 0, 0, 0, 0);
INSERT INTO `creature` VALUES (147228, 48340, 36, 1581, 1581, 1, 1, 36114, 0, -187.841, -497.671, 53.4952, 1.3065, 7200, 0, 0, 42, 0, 0, 0, 0, 0);
INSERT INTO `creature` VALUES (147230, 47242, 36, 1581, 1581, 1, 1, 11686, 0, -73.9705, -819.941, 40.3588, 4.38078, 7200, 0, 0, 42, 0, 0, 0, 0, 0);
INSERT INTO `creature` VALUES (147231, 47242, 36, 1581, 1581, 1, 1, 11686, 0, -218.965, -565.441, 21.0601, 0, 7200, 0, 0, 42, 0, 0, 0, 0, 0);
INSERT INTO `creature` VALUES (147232, 47242, 36, 1581, 1581, 1, 1, 11686, 0, -95.3628, -828.319, 38.6867, 0, 7200, 0, 0, 42, 0, 0, 0, 0, 0);
INSERT INTO `creature` VALUES (147233, 47242, 36, 1581, 1581, 1, 1, 11686, 0, -66.6615, -805.149, 41.0334, 0, 7200, 0, 0, 42, 0, 0, 0, 0, 0);
INSERT INTO `creature` VALUES (147235, 45979, 36, 1581, 1581, 1, 1, 11686, 0, -64.2552, -820.245, 41.2374, 0, 7200, 0, 0, 77490, 0, 0, 0, 0, 0);
INSERT INTO `creature` VALUES (147236, 46906, 36, 1581, 1581, 1, 1, 29346, 0, -66.6233, -398.573, 54.6927, 4.85202, 7200, 0, 0, 800, 0, 0, 0, 0, 0);
INSERT INTO `creature` VALUES (147238, 47242, 36, 1581, 1581, 1, 1, 11686, 0, -72.9931, -825.99, 40.4834, 0.244346, 7200, 0, 0, 42, 0, 0, 0, 0, 0);
INSERT INTO `creature` VALUES (147240, 47242, 36, 1581, 1581, 1, 1, 11686, 0, -51.8837, -833.491, 42.4604, 0, 7200, 0, 0, 42, 0, 0, 0, 0, 0);
INSERT INTO `creature` VALUES (147241, 47242, 36, 1581, 1581, 1, 1, 11686, 0, -205.2, -561.354, 21.0601, 0, 7200, 0, 0, 42, 0, 0, 0, 0, 0);
INSERT INTO `creature` VALUES (147242, 48521, 36, 1581, 1581, 1, 1, 2350, 0, -32.0191, -847.84, 19.1876, 0.558505, 7200, 0, 0, 1204, 1580, 0, 0, 0, 0);
INSERT INTO `creature` VALUES (147243, 48342, 36, 1581, 1581, 1, 1, 36116, 0, -187.807, -497.68, 53.3452, 1.3065, 7200, 0, 0, 42, 0, 0, 0, 0, 0);
INSERT INTO `creature` VALUES (147244, 48284, 36, 1581, 1581, 1, 1, 36085, 0, -308.819, -599.736, 48.2892, 0, 7200, 0, 0, 3, 0, 0, 0, 0, 0);
INSERT INTO `creature` VALUES (147245, 47284, 36, 1581, 1581, 1, 1, 11686, 0, -195.924, -436.646, 53.4248, 0, 7200, 0, 0, 42, 0, 0, 0, 0, 0);
INSERT INTO `creature` VALUES (147246, 48440, 36, 1581, 1581, 1, 1, 30184, 0, -211.255, -512.712, 50.905, 5.23599, 7200, 0, 0, 300, 0, 0, 0, 0, 0);
INSERT INTO `creature` VALUES (147247, 47282, 36, 1581, 1581, 1, 1, 11686, 0, -190.347, -431.764, 53.7694, 0, 7200, 0, 0, 42, 0, 0, 0, 0, 0);
INSERT INTO `creature` VALUES (147248, 48266, 36, 1581, 1581, 1, 1, 21788, 0, -82.3142, -775.5, 26.8933, 1.72788, 7200, 0, 0, 328, 0, 0, 0, 0, 0);
INSERT INTO `creature` VALUES (147249, 46906, 36, 1581, 1581, 1, 1, 29346, 0, -66.7257, -804.813, 41.0256, 4.97419, 7200, 0, 0, 800, 0, 0, 0, 0, 0);
INSERT INTO `creature` VALUES (147250, 47242, 36, 1581, 1581, 1, 1, 11686, 0, -177.921, -433.079, 63.6494, 1.12896, 7200, 0, 0, 42, 0, 0, 0, 0, 0);
INSERT INTO `creature` VALUES (147251, 48522, 36, 1581, 1581, 1, 1, 2347, 0, -19.1372, -813.344, 19.793, 1.46608, 7200, 0, 0, 1312, 0, 0, 0, 0, 0);
INSERT INTO `creature` VALUES (147255, 48442, 36, 1581, 1581, 1, 1, 30185, 0, -157.717, -520.205, 52.495, 2.30383, 7200, 0, 0, 300, 0, 0, 0, 0, 0);
INSERT INTO `creature` VALUES (147256, 47284, 36, 1581, 1581, 1, 1, 11686, 0, -197.222, -453.622, 54.8957, 0, 7200, 0, 0, 42, 0, 0, 0, 0, 0);
INSERT INTO `creature` VALUES (147258, 47242, 36, 1581, 1581, 1, 1, 11686, 0, -62.6927, -814.031, 41.3843, 4.32842, 7200, 0, 0, 42, 0, 0, 0, 0, 0);
INSERT INTO `creature` VALUES (147259, 47282, 36, 1581, 1581, 1, 1, 11686, 0, -203.391, -431.139, 54.4389, 0, 7200, 0, 0, 42, 0, 0, 0, 0, 0);
INSERT INTO `creature` VALUES (147262, 47242, 36, 1581, 1581, 1, 1, 11686, 0, -208.552, -568.122, 25.2074, 0, 7200, 0, 0, 42, 0, 0, 0, 0, 0);
INSERT INTO `creature` VALUES (147264, 45979, 36, 1581, 1581, 1, 1, 11686, 0, -88.4253, -724.722, 8.67503, 0, 7200, 0, 0, 77490, 0, 0, 0, 0, 0);
INSERT INTO `creature` VALUES (147265, 47242, 36, 1581, 1581, 1, 1, 11686, 0, -53.2882, -810.453, 42.2844, 2.47837, 7200, 0, 0, 42, 0, 0, 0, 0, 0);
INSERT INTO `creature` VALUES (147266, 47242, 36, 1581, 1581, 1, 1, 11686, 0, -208.491, -576.698, 27.9501, 0, 7200, 0, 0, 42, 0, 0, 0, 0, 0);
INSERT INTO `creature` VALUES (147267, 47242, 36, 1581, 1581, 1, 1, 11686, 0, -99.684, -818.974, 38.3542, 0, 7200, 0, 0, 42, 0, 0, 0, 0, 0);
INSERT INTO `creature` VALUES (147268, 47242, 36, 1581, 1581, 1, 1, 11686, 0, -60, -807.571, 41.6455, 0, 7200, 0, 0, 42, 0, 0, 0, 0, 0);
INSERT INTO `creature` VALUES (147270, 47242, 36, 1581, 1581, 1, 1, 11686, 0, -202.276, -571.061, 21.0601, 0, 7200, 0, 0, 42, 0, 0, 0, 0, 0);
INSERT INTO `creature` VALUES (147271, 48441, 36, 1581, 1581, 1, 1, 30186, 0, -157.344, -507.266, 53.5206, 0.645772, 7200, 0, 0, 300, 0, 0, 0, 0, 0);
INSERT INTO `creature` VALUES (147272, 48343, 36, 1581, 1581, 1, 1, 36117, 0, -187.859, -497.821, 53.5452, 1.3065, 7200, 10, 0, 42, 0, 1, 0, 0, 0);
INSERT INTO `creature` VALUES (147274, 48284, 36, 1581, 1581, 1, 1, 36085, 0, -149.052, -523.596, 52.4815, 0, 7200, 0, 0, 3, 0, 0, 0, 0, 0);
INSERT INTO `creature` VALUES (147275, 47242, 36, 1581, 1581, 1, 1, 11686, 0, -56.901, -818.264, 41.954, 2.46091, 7200, 0, 0, 42, 0, 0, 0, 0, 0);
INSERT INTO `creature` VALUES (147276, 47242, 36, 1581, 1581, 1, 1, 11686, 0, -57.3889, -822.721, 41.915, 3.24631, 7200, 0, 0, 42, 0, 0, 0, 0, 0);
INSERT INTO `creature` VALUES (147277, 47242, 36, 1581, 1581, 1, 1, 11686, 0, -216.793, -571.972, 21.0601, 0, 7200, 0, 0, 42, 0, 0, 0, 0, 0);
INSERT INTO `creature` VALUES (147279, 47284, 36, 1581, 1581, 1, 1, 11686, 0, -201.273, -462.531, 54.3655, 0, 7200, 0, 0, 42, 0, 0, 0, 0, 0);
INSERT INTO `creature` VALUES (147280, 47282, 36, 1581, 1581, 1, 1, 11686, 0, -204.993, -456.09, 54.2894, 0, 7200, 0, 0, 42, 0, 0, 0, 0, 0);
INSERT INTO `creature` VALUES (147281, 48441, 36, 1581, 1581, 1, 1, 30186, 0, -197.111, -491.161, 54.0053, 3.28122, 7200, 0, 0, 300, 0, 0, 0, 0, 0);
INSERT INTO `creature` VALUES (147283, 45979, 36, 1581, 1581, 1, 1, 11686, 0, -64.4392, -819.938, 41.2188, 0.05236, 7200, 0, 0, 77490, 0, 0, 0, 0, 0);
INSERT INTO `creature` VALUES (147284, 47282, 36, 1581, 1581, 1, 1, 11686, 0, -214.543, -441.151, 54.6617, 0, 7200, 0, 0, 42, 0, 0, 0, 0, 0);
INSERT INTO `creature` VALUES (147285, 48266, 36, 1581, 1581, 1, 1, 21788, 0, -58.6424, -787.132, 39.3505, 1.39626, 7200, 0, 0, 328, 0, 0, 0, 0, 0);
INSERT INTO `creature` VALUES (147286, 46890, 36, 1581, 1581, 1, 1, 35340, 0, -75.6493, -814.5, 40.2176, 6.26573, 7200, 0, 0, 1452, 0, 0, 0, 0, 0);
INSERT INTO `creature` VALUES (147287, 48266, 36, 1581, 1581, 1, 1, 21788, 0, -72.1059, -786.894, 39.5538, 1.64061, 7200, 0, 0, 328, 0, 0, 0, 0, 0);
INSERT INTO `creature` VALUES (147288, 47282, 36, 1581, 1581, 1, 1, 11686, 0, -193.694, -445.674, 54.2208, 0, 7200, 0, 0, 42, 0, 0, 0, 0, 0);
INSERT INTO `creature` VALUES (147290, 45979, 36, 1581, 1581, 1, 1, 11686, 0, -100.849, -703.773, 9.29407, 0, 7200, 0, 0, 77490, 0, 0, 0, 0, 0);
INSERT INTO `creature` VALUES (147291, 47284, 36, 1581, 1581, 1, 1, 11686, 0, -183.608, -446.207, 54.8357, 0, 7200, 0, 0, 42, 0, 0, 0, 0, 0);
INSERT INTO `creature` VALUES (147292, 45979, 36, 1581, 1581, 1, 1, 11686, 0, -193.269, -442.016, 53.7124, 1.69297, 7200, 0, 0, 77490, 0, 0, 0, 0, 0);
INSERT INTO `creature` VALUES (147293, 47242, 36, 1581, 1581, 1, 1, 11686, 0, -94.2292, -809.929, 38.7469, 0, 7200, 0, 0, 42, 0, 0, 0, 0, 0);
INSERT INTO `creature` VALUES (147294, 48284, 36, 1581, 1581, 1, 1, 36085, 0, -206.377, -511.821, 51.6158, 0, 7200, 0, 0, 3, 0, 0, 0, 0, 0);
INSERT INTO `creature` VALUES (147295, 47242, 36, 1581, 1581, 1, 1, 11686, 0, -211.88, -568.484, 23.0489, 0, 7200, 0, 0, 42, 0, 0, 0, 0, 0);
INSERT INTO `creature` VALUES (147296, 46890, 36, 1581, 1581, 1, 1, 35340, 0, -82.8833, -380.416, 56.5812, 2.71094, 7200, 0, 0, 1452, 0, 0, 0, 0, 0);
INSERT INTO `creature` VALUES (147299, 47282, 36, 1581, 1581, 1, 1, 11686, 0, -211.063, -463.714, 54.0187, 0, 7200, 0, 0, 42, 0, 0, 0, 0, 0);
INSERT INTO `creature` VALUES (147301, 47242, 36, 1581, 1581, 1, 1, 11686, 0, -56.9514, -832.986, 41.9731, 2.05949, 7200, 0, 0, 42, 0, 0, 0, 0, 0);
INSERT INTO `creature` VALUES (147302, 47242, 36, 1581, 1581, 1, 1, 11686, 0, -212.122, -570.392, 26.4326, 0, 7200, 0, 0, 42, 0, 0, 0, 0, 0);
INSERT INTO `creature` VALUES (147303, 47242, 36, 1581, 1581, 1, 1, 11686, 0, -101.174, -824.677, 38.2535, 0, 7200, 0, 0, 42, 0, 0, 0, 0, 0);
INSERT INTO `creature` VALUES (147305, 47242, 36, 1581, 1581, 1, 1, 11686, 0, -55.0469, -805.922, 42.1087, 0, 7200, 0, 0, 42, 0, 0, 0, 0, 0);
INSERT INTO `creature` VALUES (147306, 48284, 36, 1581, 1581, 1, 1, 36085, 0, -96.1215, -662.59, 7.49677, 0, 7200, 0, 0, 3, 0, 0, 0, 0, 0);
INSERT INTO `creature` VALUES (147307, 47242, 36, 1581, 1581, 1, 1, 11686, 0, -209.266, -569.715, 27.3194, 0, 7200, 0, 0, 42, 0, 0, 0, 0, 0);
INSERT INTO `creature` VALUES (147308, 48230, 36, 1581, 1581, 1, 1, 10704, 0, -168.764, -401.113, 57.2797, 0.610865, 7200, 5, 0, 1312, 0, 1, 0, 0, 0);
INSERT INTO `creature` VALUES (147309, 48505, 36, 1581, 1581, 1, 1, 210, 0, -98.4774, -672.389, 7.50265, 1.23918, 7200, 0, 0, 1312, 0, 0, 0, 0, 0);
INSERT INTO `creature` VALUES (147310, 45979, 36, 1581, 1581, 1, 1, 11686, 0, -72.559, -731.221, 8.5869, 0, 7200, 0, 0, 77490, 0, 0, 0, 0, 0);
INSERT INTO `creature` VALUES (147313, 48521, 36, 1581, 1581, 1, 1, 2350, 0, -81.6823, -780.378, 17.3339, 1.75935, 7200, 0, 0, 1204, 1580, 0, 0, 0, 0);
INSERT INTO `creature` VALUES (147314, 47242, 36, 1581, 1581, 1, 1, 11686, 0, -47.4358, -831.122, 42.8763, 0, 7200, 0, 0, 42, 0, 0, 0, 0, 0);
INSERT INTO `creature` VALUES (147315, 47284, 36, 1581, 1581, 1, 1, 11686, 0, -207.479, -441.516, 54.0559, 0, 7200, 0, 0, 42, 0, 0, 0, 0, 0);
INSERT INTO `creature` VALUES (147316, 45979, 36, 1581, 1581, 1, 1, 11686, 0, -106.967, -660.372, 7.50513, 0, 7200, 0, 0, 77490, 0, 0, 0, 0, 0);
INSERT INTO `creature` VALUES (147317, 48342, 36, 1581, 1581, 1, 1, 36116, 0, -226.382, -488.74, 48.403, 2.52211, 7200, 0, 0, 42, 0, 0, 0, 0, 0);
INSERT INTO `creature` VALUES (147321, 47282, 36, 1581, 1581, 1, 1, 11686, 0, -189.061, -422.387, 54.1955, 0, 7200, 0, 0, 42, 0, 0, 0, 0, 0);
INSERT INTO `creature` VALUES (147322, 47282, 36, 1581, 1581, 1, 1, 11686, 0, -181.766, -416.976, 54.7594, 0, 7200, 0, 0, 42, 0, 0, 0, 0, 0);
INSERT INTO `creature` VALUES (147323, 48266, 36, 1581, 1581, 1, 1, 21788, 0, -30.2622, -793.069, 19.237, 0.802851, 7200, 0, 0, 328, 0, 0, 0, 0, 0);
INSERT INTO `creature` VALUES (147324, 47677, 36, 1581, 1581, 1, 1, 11686, 0, -193.358, -442.031, 53.7168, 1.69297, 7200, 0, 0, 42, 0, 0, 0, 0, 0);
INSERT INTO `creature` VALUES (147325, 48505, 36, 1581, 1581, 1, 1, 184, 0, -110.326, -617.406, 13.6003, 3.10669, 7200, 0, 0, 1312, 0, 0, 0, 0, 0);
INSERT INTO `creature` VALUES (147326, 46890, 36, 1581, 1581, 1, 1, 35340, 0, -75.75, -825.137, 40.2247, 0.017453, 7200, 0, 0, 1452, 0, 0, 0, 0, 0);
INSERT INTO `creature` VALUES (147327, 47242, 36, 1581, 1581, 1, 1, 11686, 0, -214.504, -443.613, 57.2767, 1.80172, 7200, 0, 0, 42, 0, 0, 0, 0, 0);
INSERT INTO `creature` VALUES (147329, 45979, 36, 1581, 1581, 1, 1, 11686, 0, -12.0556, -740.252, 9.10946, 0, 7200, 0, 0, 77490, 0, 0, 0, 0, 0);
INSERT INTO `creature` VALUES (147332, 48442, 36, 1581, 1581, 1, 1, 30185, 0, -193.194, -507.111, 53.2797, 5.34071, 7200, 0, 0, 300, 0, 0, 0, 0, 0);
INSERT INTO `creature` VALUES (147333, 47282, 36, 1581, 1581, 1, 1, 11686, 0, -183.901, -430.757, 54.2875, 0, 7200, 0, 0, 42, 0, 0, 0, 0, 0);
INSERT INTO `creature` VALUES (147335, 47242, 36, 1581, 1581, 1, 1, 11686, 0, -70.941, -835.523, 40.6859, 4.17134, 7200, 0, 0, 42, 0, 0, 0, 0, 0);
INSERT INTO `creature` VALUES (147336, 47284, 36, 1581, 1581, 1, 1, 11686, 0, -200.88, -440.773, 53.4445, 0, 7200, 0, 0, 42, 0, 0, 0, 0, 0);
INSERT INTO `creature` VALUES (147337, 47242, 36, 1581, 1581, 1, 1, 11686, 0, -85.6667, -808.549, 39.4228, 0, 7200, 0, 0, 42, 0, 0, 0, 0, 0);
INSERT INTO `creature` VALUES (147339, 45979, 36, 1581, 1581, 1, 1, 11686, 0, -289.809, -527.215, 49.8021, 1.62316, 7200, 0, 0, 77490, 0, 0, 0, 0, 0);
INSERT INTO `creature` VALUES (147340, 46890, 36, 1581, 1581, 1, 1, 35340, 0, -46.9873, -384.88, 55.5515, 0.593508, 7200, 0, 0, 1452, 0, 0, 0, 0, 0);
INSERT INTO `creature` VALUES (147342, 48522, 36, 1581, 1581, 1, 1, 2348, 0, -29.5, -846.29, 19.3106, 3.56047, 7200, 0, 0, 1312, 0, 0, 0, 0, 0);
INSERT INTO `creature` VALUES (147343, 45979, 36, 1581, 1581, 1, 1, 11686, 0, -179.307, -415.161, 55.0199, 0, 7200, 0, 0, 77490, 0, 0, 0, 0, 0);
INSERT INTO `creature` VALUES (147344, 47242, 36, 1581, 1581, 1, 1, 11686, 0, -65.401, -833.352, 41.2017, 2.14675, 7200, 0, 0, 42, 0, 0, 0, 0, 0);
INSERT INTO `creature` VALUES (147345, 47242, 36, 1581, 1581, 1, 1, 11686, 0, -104.384, -819.276, 38.0203, 0, 7200, 0, 0, 42, 0, 0, 0, 0, 0);
INSERT INTO `creature` VALUES (147346, 47242, 36, 1581, 1581, 1, 1, 11686, 0, -47.6163, -808.856, 42.8273, 0, 7200, 0, 0, 42, 0, 0, 0, 0, 0);
INSERT INTO `creature` VALUES (147347, 45979, 36, 1581, 1581, 1, 1, 11686, 0, -90.4306, -375.743, 58.0161, 0, 7200, 0, 0, 77490, 0, 0, 0, 0, 0);
INSERT INTO `creature` VALUES (147348, 45979, 36, 1581, 1581, 1, 1, 11686, 0, -66.8785, -820.351, 40.9776, 0.05236, 7200, 0, 0, 77490, 0, 0, 0, 0, 0);
INSERT INTO `creature` VALUES (147351, 48441, 36, 1581, 1581, 1, 1, 30186, 0, -236.847, -489.092, 49.9486, 4.39823, 7200, 0, 0, 300, 0, 0, 0, 0, 0);
INSERT INTO `creature` VALUES (147352, 48284, 36, 1581, 1581, 1, 1, 36085, 0, -127.288, -599.422, 16.8903, 0, 7200, 0, 0, 3, 0, 0, 0, 0, 0);
INSERT INTO `creature` VALUES (147353, 48284, 36, 1581, 1581, 1, 1, 36085, 0, -136.859, -630.3, 14.8651, 0, 7200, 0, 0, 3, 0, 0, 0, 0, 0);
INSERT INTO `creature` VALUES (147356, 47242, 36, 1581, 1581, 1, 1, 11686, 0, -51.8299, -829.847, 42.455, 0, 7200, 0, 0, 42, 0, 0, 0, 0, 0);
INSERT INTO `creature` VALUES (147357, 47284, 36, 1581, 1581, 1, 1, 11686, 0, -187.719, -440.285, 53.5591, 0, 7200, 0, 0, 42, 0, 0, 0, 0, 0);
INSERT INTO `creature` VALUES (147359, 47284, 36, 1581, 1581, 1, 1, 11686, 0, -196.948, -427.533, 54.2706, 0, 7200, 0, 0, 42, 0, 0, 0, 0, 0);
INSERT INTO `creature` VALUES (147362, 48440, 36, 1581, 1581, 1, 1, 30184, 0, -204.576, -500.977, 52.4169, 1.309, 7200, 0, 0, 300, 0, 0, 0, 0, 0);
INSERT INTO `creature` VALUES (147363, 45979, 36, 1581, 1581, 1, 1, 11686, 0, -49.3264, -730.056, 9.32048, 0, 7200, 0, 0, 77490, 0, 0, 0, 0, 0);
INSERT INTO `creature` VALUES (147364, 47242, 36, 1581, 1581, 1, 1, 11686, 0, -181.135, -443.258, 65.2601, 0.943512, 7200, 0, 0, 42, 0, 0, 0, 0, 0);
INSERT INTO `creature` VALUES (147365, 47282, 36, 1581, 1581, 1, 1, 11686, 0, -180.252, -437.943, 54.7876, 0, 7200, 0, 0, 42, 0, 0, 0, 0, 0);
INSERT INTO `creature` VALUES (147367, 47242, 36, 1581, 1581, 1, 1, 11686, 0, -187.845, -455.237, 65.2876, 2.61363, 7200, 0, 0, 42, 0, 0, 0, 0, 0);
INSERT INTO `creature` VALUES (147368, 47242, 36, 1581, 1581, 1, 1, 11686, 0, -62.6597, -823.653, 41.4015, 2.05949, 7200, 0, 0, 42, 0, 0, 0, 0, 0);
INSERT INTO `creature` VALUES (147369, 47242, 36, 1581, 1581, 1, 1, 11686, 0, -206.783, -429.919, 65.1862, 3.67857, 7200, 0, 0, 42, 0, 0, 0, 0, 0);
INSERT INTO `creature` VALUES (147370, 24935, 36, 1581, 1581, 1, 1, 22750, 0, -55.8281, -405.351, 54.9577, 1.27409, 7200, 0, 0, 699, 0, 0, 0, 0, 0);
INSERT INTO `creature` VALUES (147372, 45979, 36, 1581, 1581, 1, 1, 11686, 0, 0.512153, -768.229, 9.80134, 0, 7200, 0, 0, 77490, 0, 0, 0, 0, 0);
INSERT INTO `creature` VALUES (147373, 47242, 36, 1581, 1581, 1, 1, 11686, 0, -61.9878, -829.885, 41.5003, 2.44346, 7200, 0, 0, 42, 0, 0, 0, 0, 0);
INSERT INTO `creature` VALUES (147374, 47242, 36, 1581, 1581, 1, 1, 11686, 0, -200.03, -565.434, 21.0601, 0, 7200, 0, 0, 42, 0, 0, 0, 0, 0);
INSERT INTO `creature` VALUES (147375, 47242, 36, 1581, 1581, 1, 1, 11686, 0, -88.1024, -831.63, 39.2559, 0, 7200, 0, 0, 42, 0, 0, 0, 0, 0);
INSERT INTO `creature` VALUES (147376, 47242, 36, 1581, 1581, 1, 1, 11686, 0, -72.8733, -808.346, 40.4807, 0, 7200, 0, 0, 42, 0, 0, 0, 0, 0);
INSERT INTO `creature` VALUES (147378, 46890, 36, 1581, 1581, 1, 1, 35340, 0, -82.5976, -369.945, 57.2399, 3.44135, 7200, 0, 0, 1452, 0, 0, 0, 0, 0);
INSERT INTO `creature` VALUES (147379, 47677, 36, 1581, 1581, 1, 1, 11686, 0, -63.7604, -820.811, 41.2875, 0, 7200, 0, 0, 42, 0, 0, 0, 0, 0);
INSERT INTO `creature` VALUES (147380, 47242, 36, 1581, 1581, 1, 1, 11686, 0, -68.934, -829.365, 40.8772, 3.10669, 7200, 0, 0, 42, 0, 0, 0, 0, 0);
INSERT INTO `creature` VALUES (147381, 48266, 36, 1581, 1581, 1, 1, 21788, 0, -46.901, -783.155, 18.4898, 1.16937, 7200, 0, 0, 328, 0, 0, 0, 0, 0);
INSERT INTO `creature` VALUES (147382, 47242, 36, 1581, 1581, 1, 1, 11686, 0, -75.5295, -831.818, 40.2749, 2.46091, 7200, 0, 0, 42, 0, 0, 0, 0, 0);
INSERT INTO `creature` VALUES (147384, 47242, 36, 1581, 1581, 1, 1, 11686, 0, -208.259, -567.292, 21.0601, 0, 7200, 0, 0, 42, 0, 0, 0, 0, 0);
INSERT INTO `creature` VALUES (147385, 48505, 36, 1581, 1581, 1, 1, 184, 0, -135.177, -633.656, 14.5447, 1.23918, 7200, 0, 0, 1312, 0, 0, 0, 0, 0);
INSERT INTO `creature` VALUES (147387, 48284, 36, 1581, 1581, 1, 1, 36085, 0, -213.526, -496.017, 49.7937, 0, 7200, 0, 0, 3, 0, 0, 0, 0, 0);
INSERT INTO `creature` VALUES (147388, 48446, 36, 1581, 1581, 1, 1, 36147, 0, -88.4253, -724.722, 8.67503, 0, 7200, 0, 0, 42, 0, 0, 0, 0, 0);
INSERT INTO `creature` VALUES (147389, 47284, 36, 1581, 1581, 1, 1, 11686, 0, -203.043, -448.563, 54.1013, 0, 7200, 0, 0, 42, 0, 0, 0, 0, 0);
INSERT INTO `creature` VALUES (147390, 48284, 36, 1581, 1581, 1, 1, 36085, 0, -138.866, -412.375, 58.8345, 0, 7200, 0, 0, 3, 0, 0, 0, 0, 0);
INSERT INTO `creature` VALUES (147391, 47242, 36, 1581, 1581, 1, 1, 11686, 0, -203.56, -450.4, 65.2096, 3.33678, 7200, 0, 0, 42, 0, 0, 0, 0, 0);
INSERT INTO `creature` VALUES (147393, 48521, 36, 1581, 1581, 1, 1, 2349, 0, -53.0551, -792.299, 38.6337, 3.46492, 7200, 0, 0, 1204, 1580, 0, 0, 0, 0);
INSERT INTO `creature` VALUES (147395, 45979, 36, 1581, 1581, 1, 1, 11686, 0, -30.6337, -727.731, 8.52102, 0, 7200, 0, 0, 77490, 0, 0, 0, 0, 0);
INSERT INTO `creature` VALUES (147396, 48343, 36, 1581, 1581, 1, 1, 36117, 0, -226.268, -488.837, 48.603, 2.52211, 7200, 0, 0, 42, 0, 0, 0, 0, 0);
INSERT INTO `creature` VALUES (147397, 48446, 36, 1581, 1581, 1, 1, 36147, 0, -100.849, -703.773, 9.29407, 0, 7200, 0, 0, 42, 0, 0, 0, 0, 0);
INSERT INTO `creature` VALUES (147399, 48522, 36, 1581, 1581, 1, 1, 2348, 0, -48.3003, -852.727, 18.4557, 5.39307, 7200, 5, 0, 1312, 0, 1, 0, 0, 0);
INSERT INTO `creature` VALUES (147401, 48284, 36, 1581, 1581, 1, 1, 36085, 0, -117.422, -412.74, 58.5219, 0, 7200, 0, 0, 3, 0, 0, 0, 0, 0);
INSERT INTO `creature` VALUES (147404, 45979, 36, 1581, 1581, 1, 1, 11686, 0, -211.771, -564.958, 21.0601, 1.8675, 7200, 0, 0, 77490, 0, 0, 0, 0, 0);
INSERT INTO `creature` VALUES (147405, 47242, 36, 1581, 1581, 1, 1, 11686, 0, -58.0365, -812.931, 41.8374, 5.67232, 7200, 0, 0, 42, 0, 0, 0, 0, 0);
INSERT INTO `creature` VALUES (147406, 47242, 36, 1581, 1581, 1, 1, 11686, 0, -82.5642, -830.498, 39.7044, 5.39307, 7200, 0, 0, 42, 0, 0, 0, 0, 0);
INSERT INTO `creature` VALUES (147409, 48266, 36, 1581, 1581, 1, 1, 21788, 0, -89.2569, -782.528, 17.2564, 1.55334, 7200, 0, 0, 328, 0, 0, 0, 0, 0);
INSERT INTO `creature` VALUES (147410, 48229, 36, 1581, 1581, 1, 1, 373, 0, -163.313, -402.139, 57.0682, 5.02655, 7200, 0, 0, 300, 0, 0, 0, 0, 0);
INSERT INTO `creature` VALUES (147411, 47284, 36, 1581, 1581, 1, 1, 11686, 0, -181.012, -456.194, 54.7731, 0, 7200, 0, 0, 42, 0, 0, 0, 0, 0);
INSERT INTO `creature` VALUES (147414, 4075, 36, 1581, 1581, 1, 1, 1141, 0, -14.5733, -376.397, 60.595, 2.89547, 7200, 7, 0, 8, 0, 1, 0, 0, 0);
INSERT INTO `creature` VALUES (147415, 4075, 36, 1581, 1581, 1, 1, 1418, 0, -254.311, -587.275, 51.149, 5.87235, 7200, 7, 0, 8, 0, 1, 0, 0, 0);
INSERT INTO `creature` VALUES (147416, 4075, 36, 1581, 1581, 1, 1, 2176, 0, -134.399, -792.648, 17.47, 2.70032, 7200, 7, 0, 8, 0, 1, 0, 0, 0);
INSERT INTO `creature` VALUES (147417, 4075, 36, 1581, 1581, 1, 1, 1418, 0, -114.81, -644.915, 10.022, 2.37437, 7200, 7, 0, 8, 0, 1, 0, 0, 0);
INSERT INTO `creature` VALUES (147418, 4075, 36, 1581, 1581, 1, 1, 1141, 0, -119.803, -425.179, 55.6102, 3.73371, 7200, 7, 0, 8, 0, 1, 0, 0, 0);
INSERT INTO `creature` VALUES (147444, 48522, 36, 1581, 1581, 1, 1, 2348, 0, -76.5903, -787.217, 26.2657, 5.42797, 7200, 5, 0, 1312, 0, 1, 0, 0, 0);
INSERT INTO `creature` VALUES (147445, 48522, 36, 1581, 1581, 1, 1, 2347, 0, -72.0347, -790.8, 39.3369, 1.78024, 7200, 5, 0, 1312, 0, 1, 0, 0, 0);
INSERT INTO `creature` VALUES (147446, 48522, 36, 1581, 1581, 1, 1, 2347, 0, -48.2222, -786.179, 18.42, 1.09956, 7200, 5, 0, 1312, 0, 1, 0, 0, 0);
INSERT INTO `creature` VALUES (147447, 48522, 36, 1581, 1581, 1, 1, 2347, 0, -32.6267, -795.549, 19.089, 0.698132, 7200, 5, 0, 1312, 0, 1, 0, 0, 0);
INSERT INTO `creature` VALUES (147448, 48522, 36, 1581, 1581, 1, 1, 2348, 0, -29.5, -846.29, 19.3106, 3.56047, 7200, 5, 0, 1312, 0, 1, 0, 0, 0);
INSERT INTO `creature` VALUES (147449, 48522, 36, 1581, 1581, 1, 1, 2347, 0, -17.9792, -818.58, 19.8577, 2.37365, 7200, 5, 0, 1312, 0, 1, 0, 0, 0);
INSERT INTO `creature` VALUES (147450, 48522, 36, 1581, 1581, 1, 1, 2347, 0, -108.859, -843.837, 17.0549, 5.68977, 7200, 5, 0, 1312, 0, 1, 0, 0, 0);
INSERT INTO `creature` VALUES (147451, 48522, 36, 1581, 1581, 1, 1, 2347, 0, -45.6111, -851.63, 18.5623, 4.79965, 7200, 5, 0, 1312, 0, 1, 0, 0, 0);
INSERT INTO `creature` VALUES (147452, 48522, 36, 1581, 1581, 1, 1, 2348, 0, -87.7917, -786.304, 17.3169, 1.76278, 7200, 5, 0, 1312, 0, 1, 0, 0, 0);
INSERT INTO `creature` VALUES (147453, 48522, 36, 1581, 1581, 1, 1, 2348, 0, -42.0486, -796.323, 39.4285, 0.994838, 7200, 5, 0, 1312, 0, 1, 0, 0, 0);
INSERT INTO `creature` VALUES (147454, 48229, 36, 1581, 1581, 1, 1, 373, 0, -116.497, -420.271, 56.8943, 0.907571, 7200, 0, 0, 300, 0, 0, 0, 0, 0);
INSERT INTO `creature` VALUES (147455, 48229, 36, 1581, 1581, 1, 1, 373, 0, -140.064, -399.931, 58.3888, 1.5708, 7200, 0, 0, 300, 0, 0, 0, 0, 0);
INSERT INTO `creature` VALUES (147456, 48229, 36, 1581, 1581, 1, 1, 373, 0, -148.8, -406.87, 57.6224, 3.87463, 7200, 0, 0, 300, 0, 0, 0, 0, 0);
INSERT INTO `creature` VALUES (147457, 48229, 36, 1581, 1581, 1, 1, 373, 0, -165.851, -395.592, 57.4267, 1.98968, 7200, 0, 0, 300, 0, 0, 0, 0, 0);
INSERT INTO `creature` VALUES (147458, 48417, 36, 1581, 1581, 1, 1, 36163, 0, -97.467, -675.726, 7.50242, 1.78024, 7200, 0, 0, 1140, 1580, 0, 0, 0, 0);
INSERT INTO `creature` VALUES (147460, 48418, 36, 1581, 1581, 1, 1, 36139, 0, -281.726, -595.186, 50.3688, 4.2237, 7200, 0, 0, 1140, 1580, 0, 0, 0, 0);
INSERT INTO `creature` VALUES (147461, 48502, 36, 1581, 1581, 1, 1, 36165, 0, -101.089, -673.014, 7.50165, 1.79769, 7200, 0, 0, 1312, 0, 0, 0, 0, 0);
INSERT INTO `creature` VALUES (147462, 43778, 36, 1581, 1581, 1, 1, 35606, 0, -209.837, -568.622, 21.0601, 1.97222, 7200, 10, 0, 10680, 0, 1, 0, 0, 0);
INSERT INTO `creature` VALUES (147463, 48421, 36, 1581, 1581, 1, 1, 2317, 0, -303.453, -609.116, 47.7281, 3.40339, 7200, 0, 0, 984, 0, 0, 0, 0, 0);
INSERT INTO `creature` VALUES (147465, 48418, 36, 1581, 1581, 1, 1, 36141, 0, -289.589, -562.243, 49.0151, 6.00393, 7200, 0, 0, 1140, 1580, 0, 0, 0, 0);
INSERT INTO `creature` VALUES (147466, 48279, 36, 1581, 1581, 1, 1, 36134, 0, -221.134, -488.538, 48.7575, 1.44862, 7200, 0, 0, 1640, 0, 0, 0, 0, 0);
INSERT INTO `creature` VALUES (147467, 48502, 36, 1581, 1581, 1, 1, 36168, 0, -133.95, -629.488, 14.1015, 1.79769, 7200, 0, 0, 1312, 0, 0, 0, 0, 0);
INSERT INTO `creature` VALUES (147468, 48502, 36, 1581, 1581, 1, 1, 36166, 0, -144.295, -575.267, 19.1305, 3.40339, 7200, 0, 0, 1312, 0, 0, 0, 0, 0);
INSERT INTO `creature` VALUES (147472, 48279, 36, 1581, 1581, 1, 1, 36134, 0, -151.997, -518.648, 52.7741, 0.593412, 7200, 0, 0, 1640, 0, 0, 0, 0, 0);
INSERT INTO `creature` VALUES (147473, 48279, 36, 1581, 1581, 1, 1, 36134, 0, -168.495, -508.53, 53.5882, 4.90438, 7200, 0, 0, 1640, 0, 0, 0, 0, 0);
INSERT INTO `creature` VALUES (147474, 48417, 36, 1581, 1581, 1, 1, 36164, 0, -129.417, -633.34, 13.2763, 1.78024, 7200, 0, 0, 1140, 1580, 0, 0, 0, 0);
INSERT INTO `creature` VALUES (147476, 47297, 36, 1581, 1581, 1, 1, 33003, 0, -302.361, -516.346, 52.0315, 0.174533, 7200, 0, 0, 7120, 0, 0, 0, 0, 0);
INSERT INTO `creature` VALUES (147478, 48279, 36, 1581, 1581, 1, 1, 36135, 0, -156.708, -519.698, 52.5334, 3.9968, 7200, 0, 0, 1640, 0, 0, 0, 0, 0);
INSERT INTO `creature` VALUES (147479, 48417, 36, 1581, 1581, 1, 1, 36164, 0, -100.878, -676.349, 7.49962, 1.78024, 7200, 0, 0, 1140, 1580, 0, 0, 0, 0);
INSERT INTO `creature` VALUES (147482, 48417, 36, 1581, 1581, 1, 1, 2448, 0, -138.802, -578.325, 18.572, 3.10669, 7200, 0, 0, 1140, 1580, 0, 0, 0, 0);
INSERT INTO `creature` VALUES (147484, 48279, 36, 1581, 1581, 1, 1, 36135, 0, -194.712, -491.557, 53.7048, 3.03687, 7200, 0, 0, 1640, 0, 0, 0, 0, 0);
INSERT INTO `creature` VALUES (147485, 48279, 36, 1581, 1581, 1, 1, 36133, 0, -234.918, -487.356, 48.5705, 3.80482, 7200, 0, 0, 1640, 0, 0, 0, 0, 0);
INSERT INTO `creature` VALUES (147487, 48279, 36, 1581, 1581, 1, 1, 36133, 0, -159.293, -507.467, 53.403, 0.226893, 7200, 0, 0, 1640, 0, 0, 0, 0, 0);
INSERT INTO `creature` VALUES (147489, 47162, 36, 1581, 1581, 1, 1, 37410, 0, -192.328, -450.245, 54.5215, 1.6057, 7200, 0, 0, 11375, 357, 0, 0, 0, 0);
INSERT INTO `creature` VALUES (147490, 47739, 36, 1581, 1581, 1, 1, 1305, 0, -88.1319, -819.33, 39.2345, 0, 7200, 0, 0, 10680, 0, 0, 0, 0, 0);
INSERT INTO `creature` VALUES (147492, 48418, 36, 1581, 1581, 1, 1, 36140, 0, -303.137, -586.967, 47.7649, 6.00393, 7200, 0, 0, 1140, 1580, 0, 0, 0, 0);
INSERT INTO `creature` VALUES (147493, 48421, 36, 1581, 1581, 1, 1, 2317, 0, -306.72, -606.372, 47.8699, 4.20624, 7200, 0, 0, 984, 0, 0, 0, 0, 0);
INSERT INTO `creature` VALUES (147494, 47626, 36, 1581, 1581, 1, 1, 35739, 0, -66.7813, -837.863, 41.063, 4.60767, 7200, 10, 0, 8900, 0, 1, 0, 0, 0);
INSERT INTO `creature` VALUES (147495, 48280, 36, 1581, 1581, 1, 1, 7110, 0, -195.891, -600.521, 33.9845, 1.39626, 7200, 0, 0, 984, 0, 0, 0, 0, 0);
INSERT INTO `creature` VALUES (147496, 48439, 36, 1581, 1581, 1, 1, 7109, 0, -222.319, -561.106, 19.3898, 2.35619, 7200, 0, 0, 984, 0, 0, 0, 0, 0);
INSERT INTO `creature` VALUES (147497, 48280, 36, 1581, 1581, 1, 1, 7110, 0, -223.089, -575.111, 21.0601, 3.68265, 7200, 0, 0, 984, 0, 0, 0, 0, 0);
INSERT INTO `creature` VALUES (147498, 48419, 36, 1581, 1581, 1, 1, 2438, 0, -282.78, -557.547, 49.3715, 6.23082, 7200, 0, 0, 300, 0, 0, 0, 0, 0);
INSERT INTO `creature` VALUES (147500, 48280, 36, 1581, 1581, 1, 1, 7110, 0, -205.578, -561.946, 21.0601, 1.37881, 7200, 0, 0, 984, 0, 0, 0, 0, 0);
INSERT INTO `creature` VALUES (147501, 48280, 36, 1581, 1581, 1, 1, 7110, 0, -206.753, -554.3, 51.3129, 5.13127, 7200, 0, 0, 984, 0, 0, 0, 0, 0);
INSERT INTO `creature` VALUES (147502, 48280, 36, 1581, 1581, 1, 1, 7110, 0, -235.134, -569.219, 19.3898, 5.18363, 7200, 0, 0, 984, 0, 0, 0, 0, 0);
INSERT INTO `creature` VALUES (147504, 48280, 36, 1581, 1581, 1, 1, 7110, 0, -212.672, -550.024, 51.3129, 3.78736, 7200, 0, 0, 984, 0, 0, 0, 0, 0);
INSERT INTO `creature` VALUES (147506, 48439, 36, 1581, 1581, 1, 1, 7109, 0, -185.151, -559.092, 19.3898, 3.07178, 7200, 0, 0, 984, 0, 0, 0, 0, 0);
INSERT INTO `creature` VALUES (147508, 48439, 36, 1581, 1581, 1, 1, 7109, 0, -217.95, -598.425, 23.3113, 2.02458, 7200, 0, 0, 984, 0, 0, 0, 0, 0);
INSERT INTO `creature` VALUES (147509, 48439, 36, 1581, 1581, 1, 1, 7109, 0, -207.793, -550.951, 51.3129, 3.52556, 7200, 0, 0, 984, 0, 0, 0, 0, 0);
INSERT INTO `creature` VALUES (147510, 48280, 36, 1581, 1581, 1, 1, 7110, 0, -206.177, -608.375, 29.0938, 3.49066, 7200, 0, 0, 984, 0, 0, 0, 0, 0);
INSERT INTO `creature` VALUES (147512, 48439, 36, 1581, 1581, 1, 1, 7109, 0, -211.707, -561.788, 21.0601, 6.14356, 7200, 0, 0, 984, 0, 0, 0, 0, 0);
INSERT INTO `creature` VALUES (147514, 48439, 36, 1581, 1581, 1, 1, 7109, 0, -214.366, -587.153, 21.0601, 6.24828, 7200, 0, 0, 984, 0, 0, 0, 0, 0);
INSERT INTO `creature` VALUES (147517, 48439, 36, 1581, 1581, 1, 1, 7109, 0, -198.247, -571.009, 21.0601, 3.52556, 7200, 0, 0, 984, 0, 0, 0, 0, 0);
INSERT INTO `creature` VALUES (147518, 48280, 36, 1581, 1581, 1, 1, 7110, 0, -182.872, -574.391, 48.223, 3.64774, 7200, 0, 0, 984, 0, 0, 0, 0, 0);
INSERT INTO `creature` VALUES (147519, 48439, 36, 1581, 1581, 1, 1, 7109, 0, -228.839, -561.601, 51.3129, 3.45575, 7200, 0, 0, 984, 0, 0, 0, 0, 0);
INSERT INTO `creature` VALUES (147522, 48419, 36, 1581, 1581, 1, 1, 2438, 0, -285.405, -567.736, 49.417, 6.00393, 7200, 0, 0, 1800, 0, 0, 0, 0, 0);
INSERT INTO `creature` VALUES (147523, 48439, 36, 1581, 1581, 1, 1, 7109, 0, -225.444, -566.316, 51.3129, 3.9619, 7200, 0, 0, 984, 0, 0, 0, 0, 0);
INSERT INTO `creature` VALUES (147524, 48439, 36, 1581, 1581, 1, 1, 7109, 0, -203, -589.443, 21.0601, 4.01426, 7200, 0, 0, 984, 0, 0, 0, 0, 0);
INSERT INTO `creature` VALUES (147525, 48439, 36, 1581, 1581, 1, 1, 7109, 0, -180.807, -561.872, 51.3129, 0.506145, 7200, 0, 0, 984, 0, 0, 0, 0, 0);
INSERT INTO `creature` VALUES (147528, 48351, 36, 1581, 1581, 1, 1, 36120, 0, -215.396, -499.653, 49.7591, 2.51884, 7200, 0, 0, 1312, 0, 0, 0, 0, 0);
INSERT INTO `creature` VALUES (147529, 46903, 36, 1581, 1581, 1, 1, 5299, 0, -59.4844, -405.837, 55.0932, 1.81514, 7200, 0, 0, 1544, 0, 0, 0, 0, 0);
INSERT INTO `creature` VALUES (147532, 48280, 36, 1581, 1581, 1, 1, 7110, 0, -234.089, -587.472, 19.3898, 3.59538, 7200, 0, 0, 984, 0, 0, 0, 0, 0);
INSERT INTO `creature` VALUES (147533, 48280, 36, 1581, 1581, 1, 1, 7110, 0, -234.035, -587.694, 51.327, 1.64061, 7200, 0, 0, 984, 0, 0, 0, 0, 0);
INSERT INTO `creature` VALUES (147535, 48280, 36, 1581, 1581, 1, 1, 7110, 0, -216.05, -578.45, 21.0601, 0.593412, 7200, 0, 0, 984, 0, 0, 0, 0, 0);
INSERT INTO `creature` VALUES (147536, 46889, 36, 1581, 1581, 1, 1, 35333, 0, -100.824, -820.619, 38.2404, 4.63089, 7200, 0, 0, 2865, 0, 0, 0, 0, 0);
INSERT INTO `creature` VALUES (147537, 46903, 36, 1581, 1581, 1, 1, 5299, 0, -81.9973, -784.703, 26.4822, 3.32525, 7200, 0, 0, 1668, 0, 0, 0, 0, 0);
INSERT INTO `creature` VALUES (147540, 48439, 36, 1581, 1581, 1, 1, 7109, 0, -183.33, -593.04, 40.1064, 0.314159, 7200, 0, 0, 984, 0, 0, 0, 0, 0);
INSERT INTO `creature` VALUES (147541, 46902, 36, 1581, 1581, 1, 1, 35342, 0, -85.1321, -783.436, 26.5951, 3.42386, 7200, 0, 0, 2715, 0, 0, 0, 0, 0);
INSERT INTO `creature` VALUES (147543, 46613, 36, 1581, 1581, 1, 1, 0, 0, -54.9423, -380.117, 54.2159, 0.389306, 7200, 0, 0, 42, 0, 0, 0, 0, 0);
INSERT INTO `creature` VALUES (147544, 50595, 36, 1581, 1581, 1, 1, 0, 0, -46.7356, -384.701, 55.5368, 0.752586, 7200, 0, 0, 42, 0, 0, 0, 0, 0);
INSERT INTO `creature` VALUES (147546, 46614, 36, 1581, 1581, 1, 1, 0, 0, -49.7597, -399.682, 55.6046, 0.55936, 7200, 0, 0, 84, 0, 0, 0, 0, 0);
INSERT INTO `creature` VALUES (147547, 46614, 36, 1581, 1581, 1, 1, 0, 0, -65.4093, -353.747, 55.2116, 2.83702, 7200, 0, 0, 84, 0, 0, 0, 0, 0);
INSERT INTO `creature` VALUES (147548, 598, 36, 1581, 1581, 1, 1, 0, 0, -50.2651, -401.198, 55.6811, 5.51524, 7200, 0, 0, 386, 0, 0, 0, 0, 0);
INSERT INTO `creature` VALUES (147549, 598, 36, 1581, 1581, 1, 1, 0, 0, -73.1336, -407.03, 54.9728, 2.56563, 7200, 0, 0, 386, 0, 0, 0, 0, 0);
INSERT INTO `creature` VALUES (147550, 598, 36, 1581, 1581, 1, 1, 0, 0, -104.389, -426.736, 55.9882, 1.09956, 7200, 5, 0, 386, 0, 1, 0, 0, 0);
INSERT INTO `creature` VALUES (147551, 4416, 36, 1581, 1581, 1, 1, 0, 0, -87.4821, -404.357, 59.0401, 5.67232, 7200, 0, 0, 417, 0, 0, 0, 0, 0);
INSERT INTO `creature` VALUES (147552, 598, 36, 1581, 1581, 1, 1, 0, 0, -100.262, -430.704, 56.005, 0.767945, 7200, 5, 0, 386, 0, 1, 0, 0, 0);
INSERT INTO `creature` VALUES (147553, 4075, 36, 1581, 1581, 1, 1, 0, 0, -94.0732, -403.819, 57.5726, 0.191218, 7200, 10, 0, 8, 0, 1, 0, 0, 0);
INSERT INTO `creature` VALUES (147554, 598, 36, 1581, 1581, 1, 1, 0, 0, -108.016, -403.976, 60.0188, 4.79965, 7200, 0, 0, 386, 0, 0, 0, 0, 0);
INSERT INTO `creature` VALUES (147555, 598, 36, 1581, 1581, 1, 1, 0, 0, -57.0594, -406.745, 55.1336, 5.06145, 7200, 5, 0, 386, 0, 1, 0, 0, 0);
INSERT INTO `creature` VALUES (147556, 598, 36, 1581, 1581, 1, 1, 0, 0, -100.509, -372.996, 59.22, 1.32645, 7200, 0, 0, 386, 0, 0, 0, 0, 0);
INSERT INTO `creature` VALUES (147557, 598, 36, 1581, 1581, 1, 1, 0, 0, -79.0664, -382.136, 55.3884, 4.64258, 7200, 0, 0, 386, 0, 0, 0, 0, 0);
INSERT INTO `creature` VALUES (147558, 598, 36, 1581, 1581, 1, 1, 0, 0, -72.5348, -370.202, 55.6576, 1.6057, 7200, 0, 0, 386, 0, 0, 0, 0, 0);
INSERT INTO `creature` VALUES (147559, 598, 36, 1581, 1581, 1, 1, 0, 0, -40.12, -370.386, 56.5668, 2.35619, 7200, 0, 0, 386, 0, 0, 0, 0, 0);
INSERT INTO `creature` VALUES (147560, 1729, 36, 1581, 1581, 1, 1, 0, 0, -58.9532, -390.73, 53.9482, 5.2709, 7200, 0, 0, 990, 1876, 0, 0, 0, 0);
INSERT INTO `creature` VALUES (147561, 598, 36, 1581, 1581, 1, 1, 0, 0, -83.0129, -396.353, 59.0941, 0.087266, 7200, 0, 0, 386, 0, 0, 0, 0, 0);
INSERT INTO `creature` VALUES (147562, 4075, 36, 1581, 1581, 1, 1, 0, 0, -13.3427, -376.707, 60.7323, 0.994858, 7200, 10, 0, 8, 0, 1, 0, 0, 0);
INSERT INTO `creature` VALUES (147563, 598, 36, 1581, 1581, 1, 1, 0, 0, -70.8896, -395.711, 55.8013, 3.64774, 7200, 0, 0, 386, 0, 0, 0, 0, 0);
INSERT INTO `creature` VALUES (147564, 598, 36, 1581, 1581, 1, 1, 0, 0, -98.282, -383.228, 59.2963, 5.58505, 7200, 0, 0, 386, 0, 0, 0, 0, 0);
INSERT INTO `creature` VALUES (147565, 634, 36, 1581, 1581, 1, 1, 0, 0, -55.6462, -376.861, 54.2091, 0.063403, 7200, 5, 0, 1158, 0, 1, 0, 0, 0);
INSERT INTO `creature` VALUES (147566, 598, 36, 1581, 1581, 1, 1, 0, 0, -66.8609, -364.098, 54.8182, 2.89725, 7200, 0, 0, 386, 0, 0, 0, 0, 0);
INSERT INTO `creature` VALUES (147567, 598, 36, 1581, 1581, 1, 1, 0, 0, -52.6469, -368.032, 55.5931, 1.41372, 7200, 0, 0, 386, 0, 0, 0, 0, 0);
INSERT INTO `creature` VALUES (147568, 598, 36, 1581, 1581, 1, 1, 0, 0, -116.78, -411.297, 58.8569, 5.74213, 7200, 0, 0, 386, 0, 0, 0, 0, 0);
INSERT INTO `creature` VALUES (147569, 598, 36, 1581, 1581, 1, 1, 0, 0, -128.305, -384.093, 59.1888, 3.10669, 7200, 0, 0, 386, 0, 0, 0, 0, 0);
INSERT INTO `creature` VALUES (147570, 634, 36, 1581, 1581, 1, 1, 0, 0, -136.063, -408.245, 58.1921, 0.224902, 7200, 5, 0, 1158, 0, 1, 0, 0, 0);
INSERT INTO `creature` VALUES (147571, 634, 36, 1581, 1581, 1, 1, 0, 0, -116.45, -406.916, 59.5309, 0.895679, 7200, 5, 0, 1158, 0, 1, 0, 0, 0);
INSERT INTO `creature` VALUES (147572, 4075, 36, 1581, 1581, 1, 1, 0, 0, -122.287, -414.488, 58.311, 6.23634, 7200, 10, 0, 8, 0, 1, 0, 0, 0);
INSERT INTO `creature` VALUES (147573, 598, 36, 1581, 1581, 1, 1, 0, 0, -139.803, -399.804, 58.4387, 1.48353, 7200, 0, 0, 386, 0, 0, 0, 0, 0);
INSERT INTO `creature` VALUES (147574, 598, 36, 1581, 1581, 1, 1, 0, 0, -130.811, -394.411, 59.4243, 2.47837, 7200, 0, 0, 386, 0, 0, 0, 0, 0);
INSERT INTO `creature` VALUES (147575, 598, 36, 1581, 1581, 1, 1, 0, 0, -139.342, -412.573, 58.9302, 3.57792, 7200, 0, 0, 386, 0, 0, 0, 0, 0);
INSERT INTO `creature` VALUES (147576, 598, 36, 1581, 1581, 1, 1, 0, 0, -147.793, -407.295, 57.7768, 4.06662, 7200, 0, 0, 386, 0, 0, 0, 0, 0);
INSERT INTO `creature` VALUES (147577, 598, 36, 1581, 1581, 1, 1, 0, 0, -114.904, -450.414, 56.424, 0, 7200, 0, 0, 386, 0, 0, 0, 0, 0);
INSERT INTO `creature` VALUES (147578, 598, 36, 1581, 1581, 1, 1, 0, 0, -126.517, -441.77, 55.5907, 4.06662, 7200, 0, 0, 386, 0, 0, 0, 0, 0);
INSERT INTO `creature` VALUES (147579, 598, 36, 1581, 1581, 1, 1, 0, 0, -153.941, -395.623, 57.0007, 1.16937, 7200, 0, 0, 386, 0, 0, 0, 0, 0);
INSERT INTO `creature` VALUES (147580, 598, 36, 1581, 1581, 1, 1, 0, 0, -165.125, -403.208, 57.3258, 5.48033, 7200, 0, 0, 386, 0, 0, 0, 0, 0);
INSERT INTO `creature` VALUES (147581, 598, 36, 1581, 1581, 1, 1, 0, 0, -175.251, -400.119, 57.5643, 2.49582, 7200, 0, 0, 386, 0, 0, 0, 0, 0);
INSERT INTO `creature` VALUES (147582, 598, 36, 1581, 1581, 1, 1, 0, 0, -169.962, -409.583, 57.6959, 5.60251, 7200, 0, 0, 386, 0, 0, 0, 0, 0);
INSERT INTO `creature` VALUES (147583, 598, 36, 1581, 1581, 1, 1, 0, 0, -182.302, -410.296, 55.6153, 2.77507, 7200, 0, 0, 386, 0, 0, 0, 0, 0);
INSERT INTO `creature` VALUES (147584, 1725, 36, 1581, 1581, 1, 1, 0, 0, -183.731, -450.034, 54.6475, 3.37684, 7200, 0, 0, 356, 0, 0, 0, 0, 0);
INSERT INTO `creature` VALUES (147585, 4075, 36, 1581, 1581, 1, 1, 0, 0, -183.257, -440.667, 54.201, 5.42284, 7200, 10, 0, 8, 0, 1, 0, 0, 0);
INSERT INTO `creature` VALUES (147586, 1725, 36, 1581, 1581, 1, 1, 0, 0, -202.166, -453.277, 54.2891, 0.811484, 7200, 0, 0, 356, 0, 0, 0, 0, 0);
INSERT INTO `creature` VALUES (147587, 644, 36, 1581, 1581, 1, 1, 0, 0, -192.915, -448.211, 54.4339, 1.66886, 7200, 0, 0, 4490, 0, 0, 0, 0, 0);
INSERT INTO `creature` VALUES (147588, 598, 36, 1581, 1581, 1, 1, 0, 0, -176.814, -487.945, 54.2515, 6.26573, 7200, 0, 0, 386, 0, 0, 0, 0, 0);
INSERT INTO `creature` VALUES (147589, 634, 36, 1581, 1581, 1, 1, 0, 0, -191.73, -483.36, 54.0413, 2.0461, 7200, 5, 0, 1158, 0, 1, 0, 0, 0);
INSERT INTO `creature` VALUES (147590, 1729, 36, 1581, 1581, 1, 1, 0, 0, -188.074, -486.698, 54.044, 1.56971, 7200, 5, 0, 990, 1876, 1, 0, 0, 0);
INSERT INTO `creature` VALUES (147591, 598, 36, 1581, 1581, 1, 1, 0, 0, -176.345, -499.359, 54.2337, 0.890118, 7200, 5, 0, 386, 0, 1, 0, 0, 0);
INSERT INTO `creature` VALUES (147592, 598, 36, 1581, 1581, 1, 1, 0, 0, -219.438, -485.815, 49.4967, 0.698132, 7200, 0, 0, 386, 0, 0, 0, 0, 0);
INSERT INTO `creature` VALUES (147593, 598, 36, 1581, 1581, 1, 1, 0, 0, -197.438, -490.739, 54.0243, 3.76991, 7200, 0, 0, 386, 0, 0, 0, 0, 0);
INSERT INTO `creature` VALUES (147594, 598, 36, 1581, 1581, 1, 1, 0, 0, -231.309, -476.99, 49.3445, 1.06465, 7200, 0, 0, 386, 0, 0, 0, 0, 0);
INSERT INTO `creature` VALUES (147595, 598, 36, 1581, 1581, 1, 1, 0, 0, -207.559, -499.156, 51.04, 1.02974, 7200, 0, 0, 386, 0, 0, 0, 0, 0);
INSERT INTO `creature` VALUES (147596, 1729, 36, 1581, 1581, 1, 1, 0, 0, -214.703, -506.568, 50.8243, 4.64998, 7200, 0, 0, 990, 1876, 0, 0, 0, 0);
INSERT INTO `creature` VALUES (147597, 598, 36, 1581, 1581, 1, 1, 0, 0, -233.461, -490.313, 49.5979, 4.06662, 7200, 0, 0, 386, 0, 0, 0, 0, 0);
INSERT INTO `creature` VALUES (147598, 598, 36, 1581, 1581, 1, 1, 0, 0, -186.472, -506.314, 53.3956, 4.79965, 7200, 0, 0, 386, 0, 0, 0, 0, 0);
INSERT INTO `creature` VALUES (147599, 598, 36, 1581, 1581, 1, 1, 0, 0, -198.654, -510.057, 53.4681, 4.99164, 7200, 5, 0, 386, 0, 1, 0, 0, 0);
INSERT INTO `creature` VALUES (147600, 598, 36, 1581, 1581, 1, 1, 0, 0, -222.039, -500.223, 49.6132, 3.66519, 7200, 0, 0, 386, 0, 0, 0, 0, 0);
INSERT INTO `creature` VALUES (147601, 598, 36, 1581, 1581, 1, 1, 0, 0, -170.745, -509.416, 53.7236, 4.85202, 7200, 5, 0, 386, 0, 1, 0, 0, 0);
INSERT INTO `creature` VALUES (147602, 598, 36, 1581, 1581, 1, 1, 0, 0, -157.933, -506.575, 53.4426, 1.02974, 7200, 0, 0, 386, 0, 0, 0, 0, 0);
INSERT INTO `creature` VALUES (147603, 598, 36, 1581, 1581, 1, 1, 0, 0, -206.619, -512.06, 51.5749, 4.55531, 7200, 5, 0, 386, 0, 1, 0, 0, 0);
INSERT INTO `creature` VALUES (147604, 598, 36, 1581, 1581, 1, 1, 0, 0, -158.652, -513.984, 52.7541, 4.08407, 7200, 0, 0, 386, 0, 0, 0, 0, 0);
INSERT INTO `creature` VALUES (147605, 4075, 36, 1581, 1581, 1, 1, 0, 0, -195.525, -476.929, 54.1321, 2.96706, 7200, 10, 0, 8, 0, 1, 0, 0, 0);
INSERT INTO `creature` VALUES (147606, 598, 36, 1581, 1581, 1, 1, 0, 0, -214.18, -516.23, 51.4912, 5.89921, 7200, 0, 0, 386, 0, 0, 0, 0, 0);
INSERT INTO `creature` VALUES (147607, 1729, 36, 1581, 1581, 1, 1, 0, 0, -93.0234, -400.3, 58.0467, 3.03687, 7200, 0, 0, 990, 1876, 0, 0, 0, 0);
INSERT INTO `creature` VALUES (147608, 634, 36, 1581, 1581, 1, 1, 0, 0, -94.3284, -402.581, 57.4746, 0.820305, 7200, 5, 0, 1158, 0, 1, 0, 0, 0);
INSERT INTO `creature` VALUES (147609, 598, 36, 1581, 1581, 1, 1, 0, 0, -159.594, -529.266, 52.2688, 3.24631, 7200, 0, 0, 386, 0, 0, 0, 0, 0);
INSERT INTO `creature` VALUES (147610, 598, 36, 1581, 1581, 1, 1, 0, 0, -149.5, -519.485, 53.0869, 0.10472, 7200, 0, 0, 386, 0, 0, 0, 0, 0);
INSERT INTO `creature` VALUES (147611, 641, 36, 1581, 1581, 1, 1, 0, 0, -277.256, -494.085, 49.5858, 0.436332, 7200, 0, 0, 1251, 0, 0, 0, 0, 0);
INSERT INTO `creature` VALUES (147612, 641, 36, 1581, 1581, 1, 1, 0, 0, -284.672, -480.893, 49.2836, 4.01426, 7200, 0, 0, 1251, 0, 0, 0, 0, 0);
INSERT INTO `creature` VALUES (147613, 598, 36, 1581, 1581, 1, 1, 0, 0, -146.345, -528.773, 52.1728, 0.366519, 7200, 5, 0, 386, 0, 1, 0, 0, 0);
INSERT INTO `creature` VALUES (147614, 641, 36, 1581, 1581, 1, 1, 0, 0, -285.507, -489.11, 50.0757, 1.3742, 7200, 0, 0, 1251, 0, 0, 0, 0, 0);
INSERT INTO `creature` VALUES (147615, 622, 36, 1581, 1581, 1, 1, 0, 0, -193.104, -550.659, 19.3065, 4.45445, 7200, 5, 0, 1251, 0, 1, 0, 0, 0);
INSERT INTO `creature` VALUES (147616, 1731, 36, 1581, 1581, 1, 1, 0, 0, -213.95, -548.452, 19.3065, 1.22022, 7200, 5, 0, 1251, 0, 1, 0, 0, 0);
INSERT INTO `creature` VALUES (147617, 622, 36, 1581, 1581, 1, 1, 0, 0, -207.954, -546.822, 19.3065, 1.66173, 7200, 5, 0, 1251, 0, 1, 0, 0, 0);
INSERT INTO `creature` VALUES (147618, 1731, 36, 1581, 1581, 1, 1, 0, 0, -182.394, -567.021, 51.0262, 3.21455, 7200, 5, 0, 1251, 0, 1, 0, 0, 0);
INSERT INTO `creature` VALUES (147620, 1731, 36, 1581, 1581, 1, 1, 0, 0, -186.878, -553.565, 19.3065, 3.02864, 7200, 5, 0, 1251, 0, 1, 0, 0, 0);
INSERT INTO `creature` VALUES (147621, 641, 36, 1581, 1581, 1, 1, 0, 0, -270.228, -523.864, 49.9504, 0.296706, 7200, 0, 0, 1251, 0, 0, 0, 0, 0);
INSERT INTO `creature` VALUES (147622, 1731, 36, 1581, 1581, 1, 1, 0, 0, -209.573, -568.15, 20.9768, 2.94235, 7200, 5, 0, 1251, 0, 1, 0, 0, 0);
INSERT INTO `creature` VALUES (147623, 1731, 36, 1581, 1581, 1, 1, 0, 0, -178.397, -565.429, 19.3065, 2.53463, 7200, 5, 0, 1251, 0, 1, 0, 0, 0);
INSERT INTO `creature` VALUES (147624, 1731, 36, 1581, 1581, 1, 1, 0, 0, -226.034, -555.927, 19.3065, 0.854289, 7200, 5, 0, 1251, 0, 1, 0, 0, 0);
INSERT INTO `creature` VALUES (147625, 1763, 36, 1581, 1581, 1, 1, 0, 0, -177.362, -574.458, 19.3113, 0.092073, 7200, 0, 0, 2904, 0, 0, 0, 0, 0);
INSERT INTO `creature` VALUES (147626, 641, 36, 1581, 1581, 1, 1, 0, 0, -281.279, -502.013, 49.3831, 1.4796, 7200, 0, 0, 1251, 0, 0, 0, 0, 0);
INSERT INTO `creature` VALUES (147627, 622, 36, 1581, 1581, 1, 1, 0, 0, -226.113, -563.705, 19.3065, 2.36988, 7200, 5, 0, 1251, 0, 1, 0, 0, 0);
INSERT INTO `creature` VALUES (147628, 622, 36, 1581, 1581, 1, 1, 0, 0, -194.589, -586.258, 20.9768, 5.51389, 7200, 5, 0, 1251, 0, 1, 0, 0, 0);
INSERT INTO `creature` VALUES (147629, 4416, 36, 1581, 1581, 1, 1, 0, 0, -139.828, -569.442, 19.7906, 1.39626, 7200, 0, 0, 417, 0, 0, 0, 0, 0);
INSERT INTO `creature` VALUES (147630, 1731, 36, 1581, 1581, 1, 1, 0, 0, -178.319, -581.496, 19.3112, 2.21882, 7200, 5, 0, 1251, 0, 1, 0, 0, 0);
INSERT INTO `creature` VALUES (147631, 622, 36, 1581, 1581, 1, 1, 0, 0, -207.48, -585.729, 20.9768, 0.872041, 7200, 5, 0, 1251, 0, 1, 0, 0, 0);
INSERT INTO `creature` VALUES (147632, 622, 36, 1581, 1581, 1, 1, 0, 0, -232.502, -569.785, 19.3065, 1.08319, 7200, 5, 0, 1251, 0, 1, 0, 0, 0);
INSERT INTO `creature` VALUES (147633, 4417, 36, 1581, 1581, 1, 1, 0, 0, -149.151, -580.585, 19.3131, 3.12269, 7200, 5, 0, 1251, 0, 1, 0, 0, 0);
INSERT INTO `creature` VALUES (147634, 4416, 36, 1581, 1581, 1, 1, 0, 0, -131.691, -578.845, 18.6522, 0.314159, 7200, 0, 0, 417, 0, 0, 0, 0, 0);
INSERT INTO `creature` VALUES (147635, 4416, 36, 1581, 1581, 1, 1, 0, 0, -152.997, -590.709, 19.0535, 4.81711, 7200, 0, 0, 417, 0, 0, 0, 0, 0);
INSERT INTO `creature` VALUES (147636, 1731, 36, 1581, 1581, 1, 1, 0, 0, -188.734, -600.466, 36.5784, 5.17014, 7200, 5, 0, 1251, 0, 1, 0, 0, 0);
INSERT INTO `creature` VALUES (147637, 1731, 36, 1581, 1581, 1, 1, 0, 0, -234.991, -575.816, 19.3065, 1.36211, 7200, 5, 0, 1251, 0, 1, 0, 0, 0);
INSERT INTO `creature` VALUES (147638, 641, 36, 1581, 1581, 1, 1, 0, 0, -263.514, -571.289, 51.0459, 2.60054, 7200, 0, 0, 1251, 0, 0, 0, 0, 0);
INSERT INTO `creature` VALUES (147639, 641, 36, 1581, 1581, 1, 1, 0, 0, -291.981, -477.763, 49.2735, 3.01942, 7200, 0, 0, 1251, 0, 0, 0, 0, 0);
INSERT INTO `creature` VALUES (147640, 641, 36, 1581, 1581, 1, 1, 0, 0, -284.815, -518.513, 48.5385, 4.5204, 7200, 0, 0, 1251, 0, 0, 0, 0, 0);
INSERT INTO `creature` VALUES (147641, 641, 36, 1581, 1581, 1, 1, 0, 0, -294.264, -506.217, 49.2678, 5.69011, 7200, 0, 0, 1251, 0, 0, 0, 0, 0);
INSERT INTO `creature` VALUES (147642, 642, 36, 1581, 1581, 1, 1, 0, 0, -289.453, -513.009, 49.6785, 3.78367, 7200, 0, 0, 3872, 0, 0, 0, 0, 0);
INSERT INTO `creature` VALUES (147643, 641, 36, 1581, 1581, 1, 1, 0, 0, -283.229, -560.001, 49.514, 0.034907, 7200, 0, 0, 1251, 0, 0, 0, 0, 0);
INSERT INTO `creature` VALUES (147644, 4416, 36, 1581, 1581, 1, 1, 0, 0, -275.491, -574.469, 50.5192, 2.49582, 7200, 0, 0, 417, 0, 0, 0, 0, 0);
INSERT INTO `creature` VALUES (147645, 4416, 36, 1581, 1581, 1, 1, 0, 0, -259.328, -587.667, 51.0296, 3.80482, 7200, 0, 0, 417, 0, 0, 0, 0, 0);
INSERT INTO `creature` VALUES (147646, 641, 36, 1581, 1581, 1, 1, 0, 0, -295.528, -530.023, 49.3874, 5.50756, 7200, 0, 0, 1251, 0, 0, 0, 0, 0);
INSERT INTO `creature` VALUES (147647, 4075, 36, 1581, 1581, 1, 1, 0, 0, -274.531, -578.467, 50.2194, 5.87235, 7200, 10, 0, 8, 0, 1, 0, 0, 0);
INSERT INTO `creature` VALUES (147648, 4418, 36, 1581, 1581, 1, 1, 0, 0, -272.331, -583.156, 50.1907, 0.925193, 7200, 5, 0, 1062, 2040, 1, 0, 0, 0);
INSERT INTO `creature` VALUES (147649, 4417, 36, 1581, 1581, 1, 1, 0, 0, -272.512, -582.382, 49.9988, 0.681518, 7200, 5, 0, 1251, 0, 1, 0, 0, 0);
INSERT INTO `creature` VALUES (147650, 641, 36, 1581, 1581, 1, 1, 0, 0, -308.87, -485.281, 49.802, 1.6057, 7200, 0, 0, 1251, 0, 0, 0, 0, 0);
INSERT INTO `creature` VALUES (147651, 4416, 36, 1581, 1581, 1, 1, 0, 0, -297.79, -567.185, 50.0666, 3.07178, 7200, 0, 0, 417, 0, 0, 0, 0, 0);
INSERT INTO `creature` VALUES (147652, 4417, 36, 1581, 1581, 1, 1, 0, 0, -263.805, -578.193, 50.5558, 6.26195, 7200, 5, 0, 1251, 0, 1, 0, 0, 0);
INSERT INTO `creature` VALUES (147653, 4416, 36, 1581, 1581, 1, 1, 0, 0, -287.618, -576.586, 49.2788, 5.46288, 7200, 0, 0, 417, 0, 0, 0, 0, 0);
INSERT INTO `creature` VALUES (147654, 4416, 36, 1581, 1581, 1, 1, 0, 0, -294.312, -584.521, 49.7644, 5.61996, 7200, 0, 0, 417, 0, 0, 0, 0, 0);
INSERT INTO `creature` VALUES (147655, 4416, 36, 1581, 1581, 1, 1, 0, 0, -305.659, -579.786, 48.8363, 2.35619, 7200, 0, 0, 417, 0, 0, 0, 0, 0);
INSERT INTO `creature` VALUES (147656, 4416, 36, 1581, 1581, 1, 1, 0, 0, -313.123, -592.62, 48.5652, 3.14159, 7200, 0, 0, 417, 0, 0, 0, 0, 0);
INSERT INTO `creature` VALUES (147657, 4416, 36, 1581, 1581, 1, 1, 0, 0, -272.938, -589.211, 50.9034, 5.8294, 7200, 0, 0, 417, 0, 0, 0, 0, 0);
INSERT INTO `creature` VALUES (147658, 4416, 36, 1581, 1581, 1, 1, 0, 0, -280.811, -588.13, 51.0407, 2.37365, 7200, 0, 0, 417, 0, 0, 0, 0, 0);
INSERT INTO `creature` VALUES (147659, 4416, 36, 1581, 1581, 1, 1, 0, 0, -281.691, -601.383, 50.8434, 5.06145, 7200, 0, 0, 417, 0, 0, 0, 0, 0);
INSERT INTO `creature` VALUES (147660, 641, 36, 1581, 1581, 1, 1, 0, 0, -292.775, -608.236, 47.7036, 5.37561, 7200, 0, 0, 1251, 0, 0, 0, 0, 0);
INSERT INTO `creature` VALUES (147661, 1731, 36, 1581, 1581, 1, 1, 0, 0, -208.324, -606.89, 28.3691, 3.16188, 7200, 5, 0, 1251, 0, 1, 0, 0, 0);
INSERT INTO `creature` VALUES (147662, 1731, 36, 1581, 1581, 1, 1, 0, 0, -203.274, -602.657, 30.3561, 3.56974, 7200, 5, 0, 1251, 0, 1, 0, 0, 0);
INSERT INTO `creature` VALUES (147663, 634, 36, 1581, 1581, 1, 1, 0, 0, -205.348, -504.892, 52.0981, 3.31299, 7200, 5, 0, 1158, 0, 1, 0, 0, 0);
INSERT INTO `creature` VALUES (147664, 1729, 36, 1581, 1581, 1, 1, 0, 0, -203.187, -506.547, 52.3841, 3.31298, 7200, 0, 0, 990, 1876, 0, 0, 0, 0);
INSERT INTO `creature` VALUES (147665, 1731, 36, 1581, 1581, 1, 1, 0, 0, -198.926, -603.779, 19.3022, 5.74754, 7200, 0, 0, 1251, 0, 0, 0, 0, 0);
INSERT INTO `creature` VALUES (147666, 4416, 36, 1581, 1581, 1, 1, 0, 0, -138.003, -602.398, 16.1097, 3.03687, 7200, 0, 0, 417, 0, 0, 0, 0, 0);
INSERT INTO `creature` VALUES (147667, 4416, 36, 1581, 1581, 1, 1, 0, 0, -135.128, -593.666, 17.8968, 3.29867, 7200, 0, 0, 417, 0, 0, 0, 0, 0);
INSERT INTO `creature` VALUES (147668, 4416, 36, 1581, 1581, 1, 1, 0, 0, -138.051, -613.235, 15.3036, 3.38594, 7200, 0, 0, 417, 0, 0, 0, 0, 0);
INSERT INTO `creature` VALUES (147669, 4416, 36, 1581, 1581, 1, 1, 0, 0, -127.414, -607.545, 15.174, 0.15708, 7200, 0, 0, 417, 0, 0, 0, 0, 0);
INSERT INTO `creature` VALUES (147670, 4416, 36, 1581, 1581, 1, 1, 0, 0, -126.252, -596.364, 17.8088, 6.24828, 7200, 0, 0, 417, 0, 0, 0, 0, 0);
INSERT INTO `creature` VALUES (147671, 4416, 36, 1581, 1581, 1, 1, 0, 0, -137.649, -622.887, 15.0423, 2.98451, 7200, 0, 0, 417, 0, 0, 0, 0, 0);
INSERT INTO `creature` VALUES (147672, 4075, 36, 1581, 1581, 1, 1, 0, 0, -137.611, -627.141, 14.8801, 1.50113, 7200, 10, 0, 8, 0, 1, 0, 0, 0);
INSERT INTO `creature` VALUES (147673, 4416, 36, 1581, 1581, 1, 1, 0, 0, -106.13, -613.612, 14.3938, 1.6057, 7200, 0, 0, 417, 0, 0, 0, 0, 0);
INSERT INTO `creature` VALUES (147674, 4416, 36, 1581, 1581, 1, 1, 0, 0, -115.187, -621.201, 14.1127, 4.93928, 7200, 0, 0, 417, 0, 0, 0, 0, 0);
INSERT INTO `creature` VALUES (147675, 4416, 36, 1581, 1581, 1, 1, 0, 0, -104.417, -620.566, 14.5019, 5.0091, 7200, 0, 0, 417, 0, 0, 0, 0, 0);
INSERT INTO `creature` VALUES (147676, 4416, 36, 1581, 1581, 1, 1, 0, 0, -132.504, -637.781, 14.3308, 4.46804, 7200, 0, 0, 417, 0, 0, 0, 0, 0);
INSERT INTO `creature` VALUES (147677, 4416, 36, 1581, 1581, 1, 1, 0, 0, -118.393, -635.202, 12.197, 0.785398, 7200, 0, 0, 417, 0, 0, 0, 0, 0);
INSERT INTO `creature` VALUES (147678, 4418, 36, 1581, 1581, 1, 1, 0, 0, -119.498, -639.309, 11.4469, 2.66136, 7200, 5, 0, 1062, 2040, 1, 0, 0, 0);
INSERT INTO `creature` VALUES (147679, 4416, 36, 1581, 1581, 1, 1, 0, 0, -115.421, -651.487, 8.16425, 3.57792, 7200, 0, 0, 417, 0, 0, 0, 0, 0);
INSERT INTO `creature` VALUES (147680, 3947, 36, 1581, 1581, 1, 1, 0, 0, -188.781, -702.69, 8.85784, 2.06811, 7200, 5, 0, 1212, 456, 1, 0, 0, 0);
INSERT INTO `creature` VALUES (147681, 4416, 36, 1581, 1581, 1, 1, 0, 0, -104.376, -640.789, 8.76665, 0.733038, 7200, 0, 0, 417, 0, 0, 0, 0, 0);
INSERT INTO `creature` VALUES (147682, 634, 36, 1581, 1581, 1, 1, 0, 0, -187.714, -491.858, 53.7952, 4.84823, 7200, 5, 0, 1158, 0, 1, 0, 0, 0);
INSERT INTO `creature` VALUES (147683, 4075, 36, 1581, 1581, 1, 1, 0, 0, -121.662, -435.93, 54.643, 4.30604, 7200, 10, 0, 8, 0, 1, 0, 0, 0);
INSERT INTO `creature` VALUES (147684, 1729, 36, 1581, 1581, 1, 1, 0, 0, -146.777, -399.16, 57.259, 0.099881, 7200, 5, 0, 990, 1876, 1, 0, 0, 0);
INSERT INTO `creature` VALUES (147685, 634, 36, 1581, 1581, 1, 1, 0, 0, -194.663, -503.042, 53.2529, 3.31299, 7200, 5, 0, 1158, 0, 1, 0, 0, 0);
INSERT INTO `creature` VALUES (147686, 1729, 36, 1581, 1581, 1, 1, 0, 0, -195.271, -505.177, 53.1259, 3.31299, 7200, 5, 0, 990, 1876, 1, 0, 0, 0);
INSERT INTO `creature` VALUES (147687, 4417, 36, 1581, 1581, 1, 1, 0, 0, -239.833, -578.879, 51.1657, 6.24575, 7200, 5, 0, 1251, 0, 1, 0, 0, 0);
INSERT INTO `creature` VALUES (147688, 4418, 36, 1581, 1581, 1, 1, 0, 0, -229.584, -578.362, 51.2588, 1.44671, 7200, 5, 0, 1062, 2040, 1, 0, 0, 0);
INSERT INTO `creature` VALUES (147689, 4417, 36, 1581, 1581, 1, 1, 0, 0, -228.095, -576.564, 51.2145, 2.12069, 7200, 5, 0, 1251, 0, 1, 0, 0, 0);
INSERT INTO `creature` VALUES (147690, 3947, 36, 1581, 1581, 1, 1, 0, 0, -121.645, -698.163, 8.68659, 4.4315, 7200, 5, 0, 1212, 456, 1, 0, 0, 0);
INSERT INTO `creature` VALUES (147691, 3947, 36, 1581, 1581, 1, 1, 0, 0, -123.156, -681.324, 10.5616, 5.09576, 7200, 5, 0, 1212, 456, 1, 0, 0, 0);
INSERT INTO `creature` VALUES (147692, 3450, 36, 1581, 1581, 1, 1, 0, 0, -89.6744, -694.063, 8.43202, 4.73191, 7200, 5, 0, 328, 0, 1, 0, 0, 0);
INSERT INTO `creature` VALUES (147693, 657, 36, 1581, 1581, 1, 1, 0, 0, -102.521, -697.942, 8.84454, 1.56316, 7200, 5, 0, 1347, 0, 1, 0, 0, 0);
INSERT INTO `creature` VALUES (147694, 657, 36, 1581, 1581, 1, 1, 0, 0, -89.7001, -691.332, 8.24514, 1.587, 7200, 5, 0, 1347, 0, 1, 0, 0, 0);
INSERT INTO `creature` VALUES (147695, 3450, 36, 1581, 1581, 1, 1, 0, 0, -100.594, -702.293, 9.11726, 1.56092, 7200, 5, 0, 328, 0, 1, 0, 0, 0);
INSERT INTO `creature` VALUES (147696, 657, 36, 1581, 1581, 1, 1, 0, 0, -95.1414, -722.4, 8.48278, 5.50703, 7200, 5, 0, 1347, 0, 1, 0, 0, 0);
INSERT INTO `creature` VALUES (147697, 3947, 36, 1581, 1581, 1, 1, 0, 0, -49.5123, -685.08, 3.89985, 3.17298, 7200, 5, 0, 1212, 456, 1, 0, 0, 0);
INSERT INTO `creature` VALUES (147698, 1732, 36, 1581, 1581, 1, 1, 0, 0, -96.6361, -709.373, 8.81989, 1.44085, 7200, 5, 0, 1137, 2236, 1, 0, 0, 0);
INSERT INTO `creature` VALUES (147699, 3450, 36, 1581, 1581, 1, 1, 0, 0, -98.3763, -725.064, 8.4138, 3.27515, 7200, 5, 0, 328, 0, 1, 0, 0, 0);
INSERT INTO `creature` VALUES (147700, 634, 36, 1581, 1581, 1, 1, 0, 0, -130.776, -605.473, 15.2352, 5.44543, 7200, 5, 0, 1158, 0, 1, 0, 0, 0);
INSERT INTO `creature` VALUES (147701, 657, 36, 1581, 1581, 1, 1, 0, 0, -79.9682, -729.441, 8.94915, 6.16024, 7200, 5, 0, 1347, 0, 1, 0, 0, 0);
INSERT INTO `creature` VALUES (147702, 3947, 36, 1581, 1581, 1, 1, 0, 0, -34.375, -692.709, 4.52485, 4.69944, 7200, 5, 0, 1212, 456, 1, 0, 0, 0);
INSERT INTO `creature` VALUES (147703, 1732, 36, 1581, 1581, 1, 1, 0, 0, -50.1355, -723.342, 9.07696, 1.48353, 7200, 5, 0, 1137, 2236, 1, 0, 0, 0);
INSERT INTO `creature` VALUES (147704, 657, 36, 1581, 1581, 1, 1, 0, 0, -31.3801, -727.911, 8.47387, 2.96909, 7200, 5, 0, 1347, 0, 1, 0, 0, 0);
INSERT INTO `creature` VALUES (147705, 1732, 36, 1581, 1581, 1, 1, 0, 0, -42.2427, -732.088, 9.04105, 4.52774, 7200, 0, 0, 1137, 2236, 0, 0, 0, 0);
INSERT INTO `creature` VALUES (147706, 1732, 36, 1581, 1581, 1, 1, 0, 0, -60.2403, -731.372, 8.81632, 2.51001, 7200, 0, 0, 1137, 2236, 0, 0, 0, 0);
INSERT INTO `creature` VALUES (147707, 3947, 36, 1581, 1581, 1, 1, 0, 0, -140.013, -762.128, 4.58898, 2.42708, 7200, 5, 0, 1212, 456, 1, 0, 0, 0);
INSERT INTO `creature` VALUES (147708, 3947, 36, 1581, 1581, 1, 1, 0, 0, -123.739, -788.672, 17.3131, 5.22666, 7200, 5, 0, 1212, 456, 1, 0, 0, 0);
INSERT INTO `creature` VALUES (147709, 657, 36, 1581, 1581, 1, 1, 0, 0, -79.6583, -782.438, 17.3884, 0.686417, 7200, 0, 0, 1347, 0, 0, 0, 0, 0);
INSERT INTO `creature` VALUES (147710, 1732, 36, 1581, 1581, 1, 1, 0, 0, -22.5682, -736.14, 8.63019, 1.42668, 7200, 0, 0, 1137, 2236, 0, 0, 0, 0);
INSERT INTO `creature` VALUES (147712, 657, 36, 1581, 1581, 1, 1, 0, 0, -99.9396, -778.266, 22.3395, 5.88379, 7200, 5, 0, 1347, 0, 1, 0, 0, 0);
INSERT INTO `creature` VALUES (147713, 3947, 36, 1581, 1581, 1, 1, 0, 0, -79.5762, -788.13, 38.823, 2.92716, 7200, 0, 0, 1212, 456, 0, 0, 0, 0);
INSERT INTO `creature` VALUES (147714, 1732, 36, 1581, 1581, 1, 1, 0, 0, -83.5081, -776.182, 26.7952, 5.57936, 7200, 0, 0, 1137, 2236, 0, 0, 0, 0);
INSERT INTO `creature` VALUES (147715, 657, 36, 1581, 1581, 1, 1, 0, 0, -131.098, -789.196, 17.4008, 2.26836, 7200, 5, 0, 1347, 0, 1, 0, 0, 0);
INSERT INTO `creature` VALUES (147716, 3947, 36, 1581, 1581, 1, 1, 0, 0, -132.915, -766.251, 3.86817, 1.59329, 7200, 5, 0, 1212, 456, 1, 0, 0, 0);
INSERT INTO `creature` VALUES (147717, 1732, 36, 1581, 1581, 1, 1, 0, 0, -57.0502, -782.479, 18.0147, 2.13404, 7200, 0, 0, 1137, 2236, 0, 0, 0, 0);
INSERT INTO `creature` VALUES (147718, 3947, 36, 1581, 1581, 1, 1, 0, 0, -94.1737, -787.372, 17.1116, 0.542439, 7200, 5, 0, 1212, 456, 1, 0, 0, 0);
INSERT INTO `creature` VALUES (147719, 3947, 36, 1581, 1581, 1, 1, 0, 0, -83.4978, -791.166, 25.8501, 2.49507, 7200, 0, 0, 1212, 456, 0, 0, 0, 0);
INSERT INTO `creature` VALUES (147720, 657, 36, 1581, 1581, 1, 1, 0, 0, -15.0055, -724.655, 7.91381, 3.36236, 7200, 0, 0, 1347, 0, 0, 0, 0, 0);
INSERT INTO `creature` VALUES (147721, 3450, 36, 1581, 1581, 1, 1, 0, 0, -80.7982, -784.835, 17.3742, 0.810488, 7200, 0, 0, 328, 0, 0, 0, 0, 0);
INSERT INTO `creature` VALUES (147722, 3450, 36, 1581, 1581, 1, 1, 0, 0, -65.8254, -797.4, 39.2506, 3.9576, 7200, 0, 0, 328, 0, 0, 0, 0, 0);
INSERT INTO `creature` VALUES (147723, 3947, 36, 1581, 1581, 1, 1, 0, 0, -97.6529, -805.56, 30.683, 5.10199, 7200, 5, 0, 1212, 456, 1, 0, 0, 0);
INSERT INTO `creature` VALUES (147724, 3947, 36, 1581, 1581, 1, 1, 0, 0, -122.837, -806.022, 16.8947, 2.01555, 7200, 5, 0, 1212, 456, 1, 0, 0, 0);
INSERT INTO `creature` VALUES (147726, 1732, 36, 1581, 1581, 1, 1, 0, 0, -111.494, -795.161, 16.917, 5.26124, 7200, 5, 0, 1137, 2236, 1, 0, 0, 0);
INSERT INTO `creature` VALUES (147727, 657, 36, 1581, 1581, 1, 1, 0, 0, -41.5834, -788.566, 18.7949, 4.86947, 7200, 0, 0, 1347, 0, 0, 0, 0, 0);
INSERT INTO `creature` VALUES (147728, 657, 36, 1581, 1581, 1, 1, 0, 0, -9.25067, -740.91, 8.91751, 5.75106, 7200, 0, 0, 1347, 0, 0, 0, 0, 0);
INSERT INTO `creature` VALUES (147729, 3947, 36, 1581, 1581, 1, 1, 0, 0, -45.3096, -787.028, 18.452, 5.4415, 7200, 0, 0, 1212, 456, 0, 0, 0, 0);
INSERT INTO `creature` VALUES (147730, 1732, 36, 1581, 1581, 1, 1, 0, 0, -106.433, -793.287, 28.1631, 2.29205, 7200, 5, 0, 1137, 2236, 1, 0, 0, 0);
INSERT INTO `creature` VALUES (147731, 1732, 36, 1581, 1581, 1, 1, 0, 0, -78.3783, -796.849, 38.3719, 2.56158, 7200, 0, 0, 1137, 2236, 0, 0, 0, 0);
INSERT INTO `creature` VALUES (147732, 657, 36, 1581, 1581, 1, 1, 0, 0, -52.9977, -791.268, 38.6091, 0.738249, 7200, 5, 0, 1347, 0, 1, 0, 0, 0);
INSERT INTO `creature` VALUES (147733, 1732, 36, 1581, 1581, 1, 1, 0, 0, -40.2788, -797.973, 39.3257, 0.914945, 7200, 5, 0, 1137, 2236, 1, 0, 0, 0);
INSERT INTO `creature` VALUES (147735, 4075, 36, 1581, 1581, 1, 1, 0, 0, -134.399, -792.648, 17.47, 2.70032, 7200, 10, 0, 8, 0, 1, 0, 0, 0);
INSERT INTO `creature` VALUES (147736, 3450, 36, 1581, 1581, 1, 1, 0, 0, -39.0675, -790.219, 18.7121, 5.54963, 7200, 0, 0, 328, 0, 0, 0, 0, 0);
INSERT INTO `creature` VALUES (147737, 647, 36, 1581, 1581, 1, 1, 0, 0, -59.62, -820.132, 41.6134, 1.23189, 7200, 0, 0, 2904, 0, 0, 0, 0, 0);
INSERT INTO `creature` VALUES (147738, 657, 36, 1581, 1581, 1, 1, 0, 0, -67.6401, -809.496, 40.8694, 3.10425, 7200, 5, 0, 1347, 0, 1, 0, 0, 0);
INSERT INTO `creature` VALUES (147739, 1732, 36, 1581, 1581, 1, 1, 0, 0, -67.9707, -806.653, 40.8301, 3.10443, 7200, 5, 0, 1137, 2236, 1, 0, 0, 0);
INSERT INTO `creature` VALUES (147740, 639, 36, 1581, 1581, 1, 1, 0, 0, -87.369, -819.895, 39.3004, 0, 7200, 0, 0, 3872, 0, 0, 0, 0, 0);
INSERT INTO `creature` VALUES (147741, 646, 36, 1581, 1581, 1, 1, 0, 0, -22.8471, -797.283, 20.3745, 1.0472, 7200, 0, 0, 3872, 0, 0, 0, 0, 0);
INSERT INTO `creature` VALUES (147742, 1732, 36, 1581, 1581, 1, 1, 0, 0, -21.874, -802.941, 19.7633, 1.72788, 7200, 0, 0, 1137, 2236, 0, 0, 0, 0);
INSERT INTO `creature` VALUES (147743, 657, 36, 1581, 1581, 1, 1, 0, 0, -20.9408, -835.917, 19.6528, 2.05681, 7200, 5, 0, 1347, 0, 1, 0, 0, 0);
INSERT INTO `creature` VALUES (147744, 657, 36, 1581, 1581, 1, 1, 0, 0, -19.0468, -830.344, 19.7522, 4.01444, 7200, 5, 0, 1347, 0, 1, 0, 0, 0);
INSERT INTO `creature` VALUES (147745, 3450, 36, 1581, 1581, 1, 1, 0, 0, -16.7066, -829.078, 19.8931, 1.99854, 7200, 5, 0, 328, 0, 1, 0, 0, 0);
INSERT INTO `creature` VALUES (147746, 657, 36, 1581, 1581, 1, 1, 0, 0, -30.3766, -843.213, 19.1693, 5.61834, 7200, 5, 0, 1347, 0, 1, 0, 0, 0);
INSERT INTO `creature` VALUES (147747, 645, 36, 1581, 1581, 1, 1, 0, 0, -67.5844, -853.749, 17.075, 4.92527, 7200, 0, 0, 2904, 0, 0, 0, 0, 0);
INSERT INTO `creature` VALUES (147748, 636, 36, 1581, 1581, 1, 1, 0, 0, -3.98715, -777.068, 9.86787, 0.991293, 7200, 0, 0, 1347, 0, 0, 0, 0, 0);
INSERT INTO `creature` VALUES (147749, 636, 36, 1581, 1581, 1, 1, 0, 0, 0.077364, -781.616, 9.97179, 1.39409, 7200, 0, 0, 1347, 0, 0, 0, 0, 0);
INSERT INTO `creature` VALUES (147750, 3947, 36, 1581, 1581, 1, 1, 0, 0, -43.2699, -852.248, 18.5989, 1.28568, 7200, 5, 0, 1212, 456, 1, 0, 0, 0);
INSERT INTO `creature` VALUES (147751, 657, 36, 1581, 1581, 1, 1, 0, 0, -89.5684, -854.834, 17.2142, 5.22399, 7200, 5, 0, 1347, 0, 1, 0, 0, 0);
INSERT INTO `creature` VALUES (147752, 657, 36, 1581, 1581, 1, 1, 0, 0, -85.9117, -856.569, 17.2837, 3.16079, 7200, 5, 0, 1347, 0, 1, 0, 0, 0);
INSERT INTO `creature` VALUES (147753, 3450, 36, 1581, 1581, 1, 1, 0, 0, -87.9919, -858.73, 17.3119, 3.16079, 7200, 5, 0, 328, 0, 1, 0, 0, 0);
INSERT INTO `creature` VALUES (147754, 1732, 36, 1581, 1581, 1, 1, 0, 0, -103.033, -847.702, 17.0292, 5.40776, 7200, 5, 0, 1137, 2236, 1, 0, 0, 0);
INSERT INTO `creature` VALUES (147755, 1732, 36, 1581, 1581, 1, 1, 0, 0, -117.719, -837.953, 16.9124, 3.21479, 7200, 5, 0, 1137, 2236, 1, 0, 0, 0);
INSERT INTO `creature` VALUES (147756, 3947, 36, 1581, 1581, 1, 1, 0, 0, -122.586, -823.971, 16.9447, 3.7869, 7200, 5, 0, 1212, 456, 1, 0, 0, 0);
INSERT INTO `creature` VALUES (147757, 1732, 36, 1581, 1581, 1, 1, 0, 0, -119.086, -836.376, 16.9153, 5.99994, 7200, 5, 0, 1137, 2236, 1, 0, 0, 0);
INSERT INTO `creature` VALUES (147758, 1732, 36, 1581, 1581, 1, 1, 0, 0, -142.771, -873.765, 2.37754, 3.76723, 7200, 5, 0, 1137, 2236, 1, 0, 0, 0);
INSERT INTO `creature` VALUES (147759, 3450, 36, 1581, 1581, 1, 1, 0, 0, -62.5595, -792.109, 39.3491, 0.245558, 7200, 0, 0, 328, 0, 0, 0, 0, 0);
INSERT INTO `creature` VALUES (147760, 3450, 36, 1581, 1581, 1, 1, 0, 0, -66.5727, -790.493, 39.7281, 1.26509, 7200, 0, 0, 328, 0, 0, 0, 0, 0);
INSERT INTO `creature` VALUES (147761, 1729, 36, 1581, 1581, 1, 1, 0, 0, -109.158, -649.657, 7.15244, 5.21559, 7200, 0, 0, 990, 1876, 0, 0, 0, 0);
INSERT INTO `creature` VALUES (147762, 634, 36, 1581, 1581, 1, 1, 0, 0, -111.77, -645.406, 8.96003, 5.2248, 7200, 5, 0, 1158, 0, 1, 0, 0, 0);
INSERT INTO `creature` VALUES (147763, 636, 36, 1581, 1581, 1, 1, 0, 0, -70.8939, -816.54, 40.6294, 0.081585, 7200, 0, 0, 1347, 0, 0, 0, 0, 0);
INSERT INTO `creature` VALUES (147764, 636, 36, 1581, 1581, 1, 1, 0, 0, -78.2791, -824.784, 40.0007, 2.93215, 7200, 5, 0, 1347, 0, 1, 0, 0, 0);
INSERT INTO `creature` VALUES (147765, 636, 36, 1581, 1581, 1, 1, 0, 0, -77.8071, -815.097, 40.0188, 3.26377, 7200, 5, 0, 1347, 0, 1, 0, 0, 0);
INSERT INTO `creature` VALUES (147766, 634, 36, 1581, 1581, 1, 1, 0, 0, -170.144, -403.045, 57.0869, 0.192994, 7200, 5, 0, 1158, 0, 1, 0, 0, 0);
INSERT INTO `creature` VALUES (147767, 1729, 36, 1581, 1581, 1, 1, 0, 0, -173.48, -402.487, 57.1029, 0.305933, 7200, 0, 0, 990, 1876, 0, 0, 0, 0);
INSERT INTO `creature` VALUES (147768, 1729, 36, 1581, 1581, 1, 1, 0, 0, -265.001, -578.632, 50.5221, 0.186009, 7200, 5, 0, 990, 1876, 1, 0, 0, 0);
INSERT INTO `creature` VALUES (147769, 634, 36, 1581, 1581, 1, 1, 0, 0, -259.018, -579.541, 51.1469, 0.186022, 7200, 5, 0, 1158, 0, 1, 0, 0, 0);
INSERT INTO `creature` VALUES (147770, 4418, 36, 1581, 1581, 1, 1, 0, 0, -207.884, -553.552, 19.3065, 2.95879, 7200, 0, 0, 1062, 2040, 0, 0, 0, 0);
INSERT INTO `creature` VALUES (147771, 4417, 36, 1581, 1581, 1, 1, 0, 0, -208.377, -551.49, 19.3065, 2.92817, 7200, 0, 0, 1251, 0, 0, 0, 0, 0);
INSERT INTO `creature` VALUES (147772, 4417, 36, 1581, 1581, 1, 1, 0, 0, -204.761, -552.424, 19.3065, 2.88854, 7200, 0, 0, 1251, 0, 0, 0, 0, 0);
INSERT INTO `creature` VALUES (147773, 4075, 36, 1581, 1581, 1, 1, 0, 0, -137.489, -625.4, 14.8722, 1.50113, 7200, 10, 0, 8, 0, 1, 0, 0, 0);
INSERT INTO `creature` VALUES (147774, 636, 36, 1581, 1581, 1, 1, 0, 0, -63.9391, -820.231, 41.2688, 0.202767, 7200, 0, 0, 1347, 0, 0, 0, 0, 0);
INSERT INTO `creature` VALUES (147775, 657, 36, 1581, 1581, 1, 1, 0, 0, -154.996, -891.815, 5.64332, 3.05433, 7200, 5, 0, 1347, 0, 1, 0, 0, 0);
INSERT INTO `creature` VALUES (147776, 1732, 36, 1581, 1581, 1, 1, 0, 0, -146.141, -906.036, 8.17895, 4.04916, 7200, 5, 0, 1137, 2236, 1, 0, 0, 0);
INSERT INTO `creature` VALUES (147777, 4075, 36, 1581, 1581, 1, 1, 0, 0, -289.323, -574.988, 49.0583, 6.0705, 7200, 0, 0, 8, 0, 0, 0, 0, 0);
INSERT INTO `creature` VALUES (147778, 657, 36, 1581, 1581, 1, 1, 0, 0, -153.182, -909, 8.72719, 2.61799, 7200, 0, 0, 1347, 0, 0, 0, 0, 0);
INSERT INTO `creature` VALUES (147779, 3450, 36, 1581, 1581, 1, 1, 0, 0, -152.405, -911.897, 9.75199, 2.61799, 7200, 0, 0, 328, 0, 0, 0, 0, 0);
INSERT INTO `creature` VALUES (147780, 1732, 36, 1581, 1581, 1, 1, 0, 0, -147.674, -919.162, 12.5437, 6.04953, 7200, 0, 0, 1137, 2236, 0, 0, 0, 0);
INSERT INTO `creature` VALUES (147781, 3586, 36, 1581, 1581, 1, 1, 0, 0, -152.545, -526.434, 51.133, 1.73877, 7200, 0, 0, 1347, 0, 0, 0, 0, 0);
INSERT INTO `creature` VALUES (147782, 50595, 36, 1581, 1581, 1, 1, 0, 0, -82.5855, -370.036, 57.1863, 3.60782, 7200, 0, 0, 42, 0, 0, 0, 0, 0);
INSERT INTO `creature` VALUES (147785, 46903, 36, 1581, 1581, 1, 1, 5299, 0, -53.5035, -402.894, 55.534, 2.40855, 7200, 0, 0, 1544, 0, 0, 0, 0, 0);
INSERT INTO `creature` VALUES (147787, 46889, 36, 1581, 1581, 1, 1, 35333, 0, -66.2517, -401.241, 54.2756, 1.51844, 7200, 0, 0, 2865, 0, 0, 0, 0, 0);
INSERT INTO `creature` VALUES (147788, 46613, 36, 1581, 1581, 1, 1, 0, 0, -46.0976, -390.719, 55.7053, 0.985423, 7200, 0, 0, 42, 0, 0, 0, 0, 0);
INSERT INTO `creature` VALUES (147790, 46902, 36, 1581, 1581, 1, 1, 35342, 0, -57.0278, -403.214, 54.3313, 2.37365, 7200, 0, 0, 2715, 0, 0, 0, 0, 0);
INSERT INTO `creature` VALUES (147791, 46614, 36, 1581, 1581, 1, 1, 0, 0, -46.989, -395.134, 55.4531, 5.28353, 7200, 0, 0, 84, 0, 0, 0, 0, 0);
INSERT INTO `creature` VALUES (147794, 48446, 36, 1581, 1581, 1, 1, 36147, 0, -72.559, -731.221, 8.5869, 0, 7200, 0, 0, 42, 0, 0, 0, 0, 0);
INSERT INTO `creature` VALUES (147795, 48341, 36, 1581, 1581, 1, 1, 36115, 0, -187.876, -497.62, 53.5452, 1.3065, 7200, 0, 0, 42, 0, 0, 0, 0, 0);
INSERT INTO `creature` VALUES (147796, 45979, 36, 1581, 1581, 1, 1, 11686, 0, -88.4253, -724.722, 8.67503, 0, 7200, 0, 0, 77490, 0, 0, 0, 0, 0);
INSERT INTO `creature` VALUES (147797, 47242, 36, 1581, 1581, 1, 1, 11686, 0, -53.2882, -810.453, 42.2844, 2.47837, 7200, 0, 0, 42, 0, 0, 0, 0, 0);
INSERT INTO `creature` VALUES (147798, 47242, 36, 1581, 1581, 1, 1, 11686, 0, -208.491, -576.698, 27.9501, 0, 7200, 0, 0, 42, 0, 0, 0, 0, 0);
INSERT INTO `creature` VALUES (147799, 47242, 36, 1581, 1581, 1, 1, 11686, 0, -99.684, -818.974, 38.3542, 0, 7200, 0, 0, 42, 0, 0, 0, 0, 0);
INSERT INTO `creature` VALUES (147800, 47242, 36, 1581, 1581, 1, 1, 11686, 0, -60, -807.571, 41.6455, 0, 7200, 0, 0, 42, 0, 0, 0, 0, 0);
INSERT INTO `creature` VALUES (147801, 48284, 36, 1581, 1581, 1, 1, 36085, 0, -182.821, -485.785, 54.1321, 0, 7200, 0, 0, 3, 0, 0, 0, 0, 0);
INSERT INTO `creature` VALUES (147802, 47242, 36, 1581, 1581, 1, 1, 11686, 0, -202.276, -571.061, 21.0601, 0, 7200, 0, 0, 42, 0, 0, 0, 0, 0);
INSERT INTO `creature` VALUES (147803, 48441, 36, 1581, 1581, 1, 1, 30186, 0, -147.781, -532.668, 50.3866, 5.8294, 7200, 0, 0, 300, 0, 0, 0, 0, 0);
INSERT INTO `creature` VALUES (147804, 48343, 36, 1581, 1581, 1, 1, 36117, 0, -187.859, -497.821, 53.5452, 1.3065, 7200, 0, 0, 42, 0, 0, 0, 0, 0);
INSERT INTO `creature` VALUES (147805, 48521, 36, 1581, 1581, 1, 1, 2350, 0, -35.6976, -791.144, 18.8755, 5.62302, 7200, 0, 0, 1204, 1580, 0, 0, 0, 0);
INSERT INTO `creature` VALUES (147806, 48284, 36, 1581, 1581, 1, 1, 36085, 0, -146.743, -586.997, 18.936, 0, 7200, 0, 0, 3, 0, 0, 0, 0, 0);
INSERT INTO `creature` VALUES (147807, 47242, 36, 1581, 1581, 1, 1, 11686, 0, -56.901, -818.264, 41.954, 2.46091, 7200, 0, 0, 42, 0, 0, 0, 0, 0);
INSERT INTO `creature` VALUES (147808, 47242, 36, 1581, 1581, 1, 1, 11686, 0, -57.3889, -822.721, 41.915, 3.24631, 7200, 0, 0, 42, 0, 0, 0, 0, 0);
INSERT INTO `creature` VALUES (147809, 47242, 36, 1581, 1581, 1, 1, 11686, 0, -216.793, -571.972, 21.0601, 0, 7200, 0, 0, 42, 0, 0, 0, 0, 0);
INSERT INTO `creature` VALUES (147810, 48341, 36, 1581, 1581, 1, 1, 36115, 0, -226.463, -488.783, 48.603, 2.52211, 7200, 0, 0, 42, 0, 0, 0, 0, 0);
INSERT INTO `creature` VALUES (147812, 47284, 36, 1581, 1581, 1, 1, 11686, 0, -201.273, -462.531, 54.3655, 0, 7200, 0, 0, 42, 0, 0, 0, 0, 0);
INSERT INTO `creature` VALUES (147813, 47282, 36, 1581, 1581, 1, 1, 11686, 0, -204.993, -456.09, 54.2894, 0, 7200, 0, 0, 42, 0, 0, 0, 0, 0);
INSERT INTO `creature` VALUES (147815, 45979, 36, 1581, 1581, 1, 1, 11686, 0, -64.4392, -819.938, 41.2188, 0.05236, 7200, 0, 0, 77490, 0, 0, 0, 0, 0);
INSERT INTO `creature` VALUES (147816, 47282, 36, 1581, 1581, 1, 1, 11686, 0, -214.543, -441.151, 54.6617, 0, 7200, 0, 0, 42, 0, 0, 0, 0, 0);
INSERT INTO `creature` VALUES (147817, 48266, 36, 1581, 1581, 1, 1, 21788, 0, -72.1059, -786.894, 39.5538, 1.64061, 7200, 0, 0, 328, 0, 0, 0, 0, 0);
INSERT INTO `creature` VALUES (147819, 48266, 36, 1581, 1581, 1, 1, 21788, 0, -58.6424, -787.132, 39.3505, 1.39626, 7200, 0, 0, 328, 0, 0, 0, 0, 0);
INSERT INTO `creature` VALUES (147820, 47282, 36, 1581, 1581, 1, 1, 11686, 0, -193.694, -445.674, 54.2208, 0, 7200, 0, 0, 42, 0, 0, 0, 0, 0);
INSERT INTO `creature` VALUES (147821, 48284, 36, 1581, 1581, 1, 1, 36085, 0, -276.222, -579.795, 50.4263, 0, 7200, 0, 0, 3, 0, 0, 0, 0, 0);
INSERT INTO `creature` VALUES (147822, 45979, 36, 1581, 1581, 1, 1, 11686, 0, -100.849, -703.773, 9.29407, 0, 7200, 0, 0, 77490, 0, 0, 0, 0, 0);
INSERT INTO `creature` VALUES (147823, 47284, 36, 1581, 1581, 1, 1, 11686, 0, -183.608, -446.207, 54.8357, 0, 7200, 0, 0, 42, 0, 0, 0, 0, 0);
INSERT INTO `creature` VALUES (147824, 48284, 36, 1581, 1581, 1, 1, 36085, 0, -302.448, -504.391, 49.5412, 0, 7200, 0, 0, 3, 0, 0, 0, 0, 0);
INSERT INTO `creature` VALUES (147825, 45979, 36, 1581, 1581, 1, 1, 11686, 0, -193.269, -442.016, 53.7124, 1.69297, 7200, 0, 0, 77490, 0, 0, 0, 0, 0);
INSERT INTO `creature` VALUES (147826, 47242, 36, 1581, 1581, 1, 1, 11686, 0, -94.2292, -809.929, 38.7469, 0, 7200, 0, 0, 42, 0, 0, 0, 0, 0);
INSERT INTO `creature` VALUES (147827, 48284, 36, 1581, 1581, 1, 1, 36085, 0, -228.181, -491.986, 48.785, 0, 7200, 0, 0, 3, 0, 0, 0, 0, 0);
INSERT INTO `creature` VALUES (147828, 47242, 36, 1581, 1581, 1, 1, 11686, 0, -211.88, -568.484, 23.0489, 0, 7200, 0, 0, 42, 0, 0, 0, 0, 0);
INSERT INTO `creature` VALUES (147829, 47296, 36, 1581, 1581, 1, 1, 33002, 0, -303.025, -516.463, 55.8199, 0.174533, 7200, 0, 0, 3560, 0, 0, 0, 0, 0);
INSERT INTO `creature` VALUES (147832, 48522, 36, 1581, 1581, 1, 1, 2347, 0, -19.1372, -813.344, 19.793, 1.46608, 7200, 5, 0, 1312, 0, 1, 0, 0, 0);
INSERT INTO `creature` VALUES (147833, 47282, 36, 1581, 1581, 1, 1, 11686, 0, -211.063, -463.714, 54.0187, 0, 7200, 0, 0, 42, 0, 0, 0, 0, 0);
INSERT INTO `creature` VALUES (147834, 47242, 36, 1581, 1581, 1, 1, 11686, 0, -56.9514, -832.986, 41.9731, 2.05949, 7200, 0, 0, 42, 0, 0, 0, 0, 0);
INSERT INTO `creature` VALUES (147836, 47242, 36, 1581, 1581, 1, 1, 11686, 0, -212.122, -570.392, 26.4326, 0, 7200, 0, 0, 42, 0, 0, 0, 0, 0);
INSERT INTO `creature` VALUES (147837, 47242, 36, 1581, 1581, 1, 1, 11686, 0, -101.174, -824.677, 38.2535, 0, 7200, 0, 0, 42, 0, 0, 0, 0, 0);
INSERT INTO `creature` VALUES (147838, 47242, 36, 1581, 1581, 1, 1, 11686, 0, -55.0469, -805.922, 42.1087, 0, 7200, 0, 0, 42, 0, 0, 0, 0, 0);
INSERT INTO `creature` VALUES (147839, 48284, 36, 1581, 1581, 1, 1, 36085, 0, -149.479, -533.724, 49.7047, 0, 7200, 0, 0, 3, 0, 0, 0, 0, 0);
INSERT INTO `creature` VALUES (147840, 47242, 36, 1581, 1581, 1, 1, 11686, 0, -209.266, -569.715, 27.3194, 0, 7200, 0, 0, 42, 0, 0, 0, 0, 0);
INSERT INTO `creature` VALUES (147843, 45979, 36, 1581, 1581, 1, 1, 11686, 0, -72.559, -731.221, 8.5869, 0, 7200, 0, 0, 77490, 0, 0, 0, 0, 0);
INSERT INTO `creature` VALUES (147844, 48522, 36, 1581, 1581, 1, 1, 2347, 0, -107.352, -847.233, 17.0334, 1.0821, 7200, 5, 0, 1312, 0, 1, 0, 0, 0);
INSERT INTO `creature` VALUES (147847, 47242, 36, 1581, 1581, 1, 1, 11686, 0, -47.4358, -831.122, 42.8763, 0, 7200, 0, 0, 42, 0, 0, 0, 0, 0);
INSERT INTO `creature` VALUES (147848, 47284, 36, 1581, 1581, 1, 1, 11686, 0, -207.479, -441.516, 54.0559, 0, 7200, 0, 0, 42, 0, 0, 0, 0, 0);
INSERT INTO `creature` VALUES (147849, 45979, 36, 1581, 1581, 1, 1, 11686, 0, -106.967, -660.372, 7.50513, 0, 7200, 0, 0, 77490, 0, 0, 0, 0, 0);
INSERT INTO `creature` VALUES (147850, 48446, 36, 1581, 1581, 1, 1, 36147, 0, 0.512153, -768.229, 9.80134, 0, 7200, 0, 0, 42, 0, 0, 0, 0, 0);
INSERT INTO `creature` VALUES (147851, 48341, 36, 1581, 1581, 1, 1, 36115, 0, -226.518, -488.741, 48.503, 2.52211, 7200, 0, 0, 42, 0, 0, 0, 0, 0);
INSERT INTO `creature` VALUES (147852, 48442, 36, 1581, 1581, 1, 1, 30185, 0, -182.979, -503.938, 53.5592, 4.83456, 7200, 0, 0, 300, 0, 0, 0, 0, 0);
INSERT INTO `creature` VALUES (147853, 48521, 36, 1581, 1581, 1, 1, 2350, 0, -122.405, -794.535, 16.9422, 1.53589, 7200, 0, 0, 1204, 1580, 0, 0, 0, 0);
INSERT INTO `creature` VALUES (147854, 47282, 36, 1581, 1581, 1, 1, 11686, 0, -189.061, -422.387, 54.1955, 0, 7200, 0, 0, 42, 0, 0, 0, 0, 0);
INSERT INTO `creature` VALUES (147855, 47282, 36, 1581, 1581, 1, 1, 11686, 0, -181.766, -416.976, 54.7594, 0, 7200, 0, 0, 42, 0, 0, 0, 0, 0);
INSERT INTO `creature` VALUES (147856, 48266, 36, 1581, 1581, 1, 1, 21788, 0, -82.3142, -775.5, 26.8933, 1.72788, 7200, 0, 0, 328, 0, 0, 0, 0, 0);
INSERT INTO `creature` VALUES (147857, 45979, 36, 1581, 1581, 1, 1, 11686, 0, -66.8785, -820.351, 40.9776, 0.05236, 7200, 0, 0, 77490, 0, 0, 0, 0, 0);
INSERT INTO `creature` VALUES (147858, 47677, 36, 1581, 1581, 1, 1, 11686, 0, -193.358, -442.031, 53.7168, 1.69297, 7200, 0, 0, 42, 0, 0, 0, 0, 0);
INSERT INTO `creature` VALUES (147862, 47242, 36, 1581, 1581, 1, 1, 11686, 0, -214.504, -443.613, 57.2767, 1.80172, 7200, 0, 0, 42, 0, 0, 0, 0, 0);
INSERT INTO `creature` VALUES (147863, 48284, 36, 1581, 1581, 1, 1, 36085, 0, -123.663, -395.759, 58.4454, 0, 7200, 0, 0, 3, 0, 0, 0, 0, 0);
INSERT INTO `creature` VALUES (147864, 45979, 36, 1581, 1581, 1, 1, 11686, 0, -12.0556, -740.252, 9.10946, 0, 7200, 0, 0, 77490, 0, 0, 0, 0, 0);
INSERT INTO `creature` VALUES (147865, 48521, 36, 1581, 1581, 1, 1, 2349, 0, -89.0278, -854.734, 17.305, 2.49582, 7200, 0, 0, 1204, 1580, 0, 0, 0, 0);
INSERT INTO `creature` VALUES (147866, 48522, 36, 1581, 1581, 1, 1, 2347, 0, -81.4913, -779.387, 26.7951, 1.79769, 7200, 5, 0, 1312, 0, 1, 0, 0, 0);
INSERT INTO `creature` VALUES (147868, 47282, 36, 1581, 1581, 1, 1, 11686, 0, -183.901, -430.757, 54.2875, 0, 7200, 0, 0, 42, 0, 0, 0, 0, 0);
INSERT INTO `creature` VALUES (147869, 48284, 36, 1581, 1581, 1, 1, 36085, 0, -146.592, -528.896, 52.0218, 0, 7200, 0, 0, 3, 0, 0, 0, 0, 0);
INSERT INTO `creature` VALUES (147870, 47242, 36, 1581, 1581, 1, 1, 11686, 0, -70.941, -835.523, 40.6859, 4.17134, 7200, 0, 0, 42, 0, 0, 0, 0, 0);
INSERT INTO `creature` VALUES (147871, 47284, 36, 1581, 1581, 1, 1, 11686, 0, -200.88, -440.773, 53.4445, 0, 7200, 0, 0, 42, 0, 0, 0, 0, 0);
INSERT INTO `creature` VALUES (147872, 47242, 36, 1581, 1581, 1, 1, 11686, 0, -85.6667, -808.549, 39.4228, 0, 7200, 0, 0, 42, 0, 0, 0, 0, 0);
INSERT INTO `creature` VALUES (147874, 45979, 36, 1581, 1581, 1, 1, 11686, 0, -289.809, -527.215, 49.8021, 1.62316, 7200, 0, 0, 77490, 0, 0, 0, 0, 0);
INSERT INTO `creature` VALUES (147876, 48284, 36, 1581, 1581, 1, 1, 36085, 0, -158.859, -533.128, 52.419, 0, 7200, 0, 0, 3, 0, 0, 0, 0, 0);
INSERT INTO `creature` VALUES (147878, 47284, 36, 1581, 1581, 1, 1, 11686, 0, -187.719, -440.285, 53.5591, 0, 7200, 0, 0, 42, 0, 0, 0, 0, 0);
INSERT INTO `creature` VALUES (147879, 48341, 36, 1581, 1581, 1, 1, 36115, 0, -187.855, -497.553, 53.4452, 1.3065, 7200, 0, 0, 42, 0, 0, 0, 0, 0);
INSERT INTO `creature` VALUES (147880, 45979, 36, 1581, 1581, 1, 1, 11686, 0, -179.307, -415.161, 55.0199, 0, 7200, 0, 0, 77490, 0, 0, 0, 0, 0);
INSERT INTO `creature` VALUES (147881, 47242, 36, 1581, 1581, 1, 1, 11686, 0, -65.401, -833.352, 41.2017, 2.14675, 7200, 0, 0, 42, 0, 0, 0, 0, 0);
INSERT INTO `creature` VALUES (147882, 47242, 36, 1581, 1581, 1, 1, 11686, 0, -104.384, -819.276, 38.0203, 0, 7200, 0, 0, 42, 0, 0, 0, 0, 0);
INSERT INTO `creature` VALUES (147883, 47242, 36, 1581, 1581, 1, 1, 11686, 0, -47.6163, -808.856, 42.8273, 0, 7200, 0, 0, 42, 0, 0, 0, 0, 0);
INSERT INTO `creature` VALUES (147884, 45979, 36, 1581, 1581, 1, 1, 11686, 0, -90.4306, -375.743, 58.0161, 0, 7200, 0, 0, 77490, 0, 0, 0, 0, 0);
INSERT INTO `creature` VALUES (147885, 48505, 36, 1581, 1581, 1, 1, 210, 0, -127.726, -602.797, 16.1609, 1.93731, 7200, 0, 0, 1312, 0, 0, 0, 0, 0);
INSERT INTO `creature` VALUES (147887, 48441, 36, 1581, 1581, 1, 1, 30186, 0, -154.549, -530.686, 49.8494, 3.71755, 7200, 0, 0, 300, 0, 0, 0, 0, 0);
INSERT INTO `creature` VALUES (147888, 48284, 36, 1581, 1581, 1, 1, 36085, 0, -168.455, -396.632, 57.568, 0, 7200, 0, 0, 3, 0, 0, 0, 0, 0);
INSERT INTO `creature` VALUES (147889, 48284, 36, 1581, 1581, 1, 1, 36085, 0, -250.729, -584.616, 51.2278, 0, 7200, 0, 0, 3, 0, 0, 0, 0, 0);
INSERT INTO `creature` VALUES (147892, 47242, 36, 1581, 1581, 1, 1, 11686, 0, -51.8299, -829.847, 42.455, 0, 7200, 0, 0, 42, 0, 0, 0, 0, 0);
INSERT INTO `creature` VALUES (147894, 47284, 36, 1581, 1581, 1, 1, 11686, 0, -196.948, -427.533, 54.2706, 0, 7200, 0, 0, 42, 0, 0, 0, 0, 0);
INSERT INTO `creature` VALUES (147895, 48522, 36, 1581, 1581, 1, 1, 2347, 0, -124.016, -809.231, 16.9686, 4.03171, 7200, 5, 0, 1312, 0, 1, 0, 0, 0);
INSERT INTO `creature` VALUES (147896, 48342, 36, 1581, 1581, 1, 1, 36116, 0, -226.382, -488.74, 48.403, 2.52211, 7200, 0, 0, 42, 0, 0, 0, 0, 0);
INSERT INTO `creature` VALUES (147899, 45979, 36, 1581, 1581, 1, 1, 11686, 0, -49.3264, -730.056, 9.32048, 0, 7200, 0, 0, 77490, 0, 0, 0, 0, 0);
INSERT INTO `creature` VALUES (147900, 47242, 36, 1581, 1581, 1, 1, 11686, 0, -181.135, -443.258, 65.2601, 0.943512, 7200, 0, 0, 42, 0, 0, 0, 0, 0);
INSERT INTO `creature` VALUES (147901, 47282, 36, 1581, 1581, 1, 1, 11686, 0, -180.252, -437.943, 54.7876, 0, 7200, 0, 0, 42, 0, 0, 0, 0, 0);
INSERT INTO `creature` VALUES (147903, 47242, 36, 1581, 1581, 1, 1, 11686, 0, -187.845, -455.237, 65.2876, 2.61363, 7200, 0, 0, 42, 0, 0, 0, 0, 0);
INSERT INTO `creature` VALUES (147904, 47242, 36, 1581, 1581, 1, 1, 11686, 0, -62.6597, -823.653, 41.4015, 2.05949, 7200, 0, 0, 42, 0, 0, 0, 0, 0);
INSERT INTO `creature` VALUES (147906, 46890, 36, 1581, 1581, 1, 1, 35340, 0, -87.474, -819.863, 39.2913, 0, 7200, 0, 0, 1452, 0, 0, 0, 0, 0);
INSERT INTO `creature` VALUES (147907, 47242, 36, 1581, 1581, 1, 1, 11686, 0, -205.571, -442.113, 59.5037, 3.67858, 7200, 0, 0, 42, 0, 0, 0, 0, 0);
INSERT INTO `creature` VALUES (147908, 48284, 36, 1581, 1581, 1, 1, 36085, 0, -284.227, -550.545, 49.5303, 0, 7200, 0, 0, 3, 0, 0, 0, 0, 0);
INSERT INTO `creature` VALUES (147909, 48522, 36, 1581, 1581, 1, 1, 2347, 0, -59.0538, -791.024, 39.1883, 1.37881, 7200, 5, 0, 1312, 0, 1, 0, 0, 0);
INSERT INTO `creature` VALUES (147910, 48338, 36, 1581, 1581, 1, 1, 36119, 0, -188.042, -497.33, 53.3696, 4.41967, 7200, 0, 0, 1312, 0, 0, 0, 0, 0);
INSERT INTO `creature` VALUES (147911, 47242, 36, 1581, 1581, 1, 1, 11686, 0, -56.4115, -827.823, 42.0163, 0, 7200, 0, 0, 42, 0, 0, 0, 0, 0);
INSERT INTO `creature` VALUES (147912, 45979, 36, 1581, 1581, 1, 1, 11686, 0, -194.476, -433.931, 53.5273, 4.85202, 7200, 0, 0, 77490, 0, 0, 0, 0, 0);
INSERT INTO `creature` VALUES (147913, 47242, 36, 1581, 1581, 1, 1, 11686, 0, -79.2431, -834.884, 39.9758, 0, 7200, 0, 0, 42, 0, 0, 0, 0, 0);
INSERT INTO `creature` VALUES (147914, 47242, 36, 1581, 1581, 1, 1, 11686, 0, -79.3229, -806.665, 39.93, 0, 7200, 0, 0, 42, 0, 0, 0, 0, 0);
INSERT INTO `creature` VALUES (147916, 45979, 36, 1581, 1581, 1, 1, 11686, 0, -289.587, -489.575, 49.9126, 4.71239, 7200, 0, 0, 77490, 0, 0, 0, 0, 0);
INSERT INTO `creature` VALUES (147917, 4075, 36, 1581, 1581, 1, 1, 1418, 0, -92.6304, -402.809, 57.7553, 0.505063, 7200, 10, 0, 8, 0, 1, 0, 0, 0);
INSERT INTO `creature` VALUES (147918, 4075, 36, 1581, 1581, 1, 1, 1418, 0, -200.419, -436.422, 53.3609, 4.6984, 7200, 12, 0, 8, 0, 1, 0, 0, 0);
INSERT INTO `creature` VALUES (147919, 48446, 36, 1581, 1581, 1, 1, 36147, 0, -30.6337, -727.731, 8.52102, 0, 7200, 0, 0, 42, 0, 0, 0, 0, 0);
INSERT INTO `creature` VALUES (147920, 47242, 36, 1581, 1581, 1, 1, 11686, 0, -60.9792, -835.979, 41.5982, 0, 7200, 0, 0, 42, 0, 0, 0, 0, 0);
INSERT INTO `creature` VALUES (147921, 48284, 36, 1581, 1581, 1, 1, 36085, 0, -179.148, -425.917, 55.0343, 0, 7200, 0, 0, 3, 0, 0, 0, 0, 0);
INSERT INTO `creature` VALUES (147922, 47284, 36, 1581, 1581, 1, 1, 11686, 0, -176.099, -431.241, 55.2092, 0, 7200, 0, 0, 42, 0, 0, 0, 0, 0);
INSERT INTO `creature` VALUES (147924, 47242, 36, 1581, 1581, 1, 1, 11686, 0, -73.6458, -814.604, 40.402, 3.97935, 7200, 0, 0, 42, 0, 0, 0, 0, 0);
INSERT INTO `creature` VALUES (147925, 48522, 36, 1581, 1581, 1, 1, 2348, 0, -105.021, -843.693, 17.1262, 4.17134, 7200, 5, 0, 1312, 0, 1, 0, 0, 0);
INSERT INTO `creature` VALUES (147926, 48266, 36, 1581, 1581, 1, 1, 21788, 0, -122.925, -388.813, 59.0769, 0.401426, 7200, 0, 0, 328, 0, 0, 0, 0, 0);
INSERT INTO `creature` VALUES (147927, 47242, 36, 1581, 1581, 1, 1, 11686, 0, -175.354, -433.016, 55.9103, 5.40378, 7200, 0, 0, 42, 0, 0, 0, 0, 0);
INSERT INTO `creature` VALUES (147928, 47242, 36, 1581, 1581, 1, 1, 11686, 0, -68.1302, -822.918, 40.888, 4.08407, 7200, 0, 0, 42, 0, 0, 0, 0, 0);
INSERT INTO `creature` VALUES (147929, 48284, 36, 1581, 1581, 1, 1, 36085, 0, -98.1962, -388.095, 58.9235, 0, 7200, 0, 0, 3, 0, 0, 0, 0, 0);
INSERT INTO `creature` VALUES (147930, 48266, 36, 1581, 1581, 1, 1, 21788, 0, -40.0035, -793.302, 39.4754, 1.0472, 7200, 0, 0, 328, 0, 0, 0, 0, 0);
INSERT INTO `creature` VALUES (147931, 48278, 36, 1581, 1581, 1, 1, 30187, 0, -159.908, -529.783, 52.3288, 3.01942, 7200, 0, 0, 300, 0, 0, 0, 0, 0);
INSERT INTO `creature` VALUES (147933, 47284, 36, 1581, 1581, 1, 1, 11686, 0, -181.127, -423.819, 54.8461, 0, 7200, 0, 0, 42, 0, 0, 0, 0, 0);
INSERT INTO `creature` VALUES (147935, 47242, 36, 1581, 1581, 1, 1, 11686, 0, -101.122, -813.936, 38.2438, 0, 7200, 0, 0, 42, 0, 0, 0, 0, 0);
INSERT INTO `creature` VALUES (147936, 47242, 36, 1581, 1581, 1, 1, 11686, 0, -67.6128, -814.219, 40.944, 3.76991, 7200, 0, 0, 42, 0, 0, 0, 0, 0);
INSERT INTO `creature` VALUES (147937, 47282, 36, 1581, 1581, 1, 1, 11686, 0, -188.757, -452.146, 54.5701, 0, 7200, 0, 0, 42, 0, 0, 0, 0, 0);
INSERT INTO `creature` VALUES (147938, 48521, 36, 1581, 1581, 1, 1, 2349, 0, -91.2517, -852.661, 17.2657, 5.55015, 7200, 0, 0, 1204, 1580, 0, 0, 0, 0);
INSERT INTO `creature` VALUES (147939, 48284, 36, 1581, 1581, 1, 1, 36085, 0, -275.771, -502.406, 50.0816, 0, 7200, 0, 0, 3, 0, 0, 0, 0, 0);
INSERT INTO `creature` VALUES (147940, 47242, 36, 1581, 1581, 1, 1, 11686, 0, -206.163, -568.849, 24.6352, 0, 7200, 0, 0, 42, 0, 0, 0, 0, 0);
INSERT INTO `creature` VALUES (147941, 45979, 36, 1581, 1581, 1, 1, 11686, 0, -289.16, -505.155, 50.0993, 0, 7200, 0, 0, 77490, 0, 0, 0, 0, 0);
INSERT INTO `creature` VALUES (147943, 48446, 36, 1581, 1581, 1, 1, 36147, 0, -49.3264, -730.056, 9.32048, 0, 7200, 0, 0, 42, 0, 0, 0, 0, 0);
INSERT INTO `creature` VALUES (147944, 48340, 36, 1581, 1581, 1, 1, 36114, 0, -187.841, -497.671, 53.4952, 1.3065, 7200, 0, 0, 42, 0, 0, 0, 0, 0);
INSERT INTO `creature` VALUES (147945, 48522, 36, 1581, 1581, 1, 1, 2348, 0, -19.5833, -832.882, 19.8021, 3.50811, 7200, 5, 0, 1312, 0, 1, 0, 0, 0);
INSERT INTO `creature` VALUES (147946, 47242, 36, 1581, 1581, 1, 1, 11686, 0, -73.9705, -819.941, 40.3588, 4.38078, 7200, 0, 0, 42, 0, 0, 0, 0, 0);
INSERT INTO `creature` VALUES (147947, 47242, 36, 1581, 1581, 1, 1, 11686, 0, -218.965, -565.441, 21.0601, 0, 7200, 0, 0, 42, 0, 0, 0, 0, 0);
INSERT INTO `creature` VALUES (147948, 47242, 36, 1581, 1581, 1, 1, 11686, 0, -95.3628, -828.319, 38.6867, 0, 7200, 0, 0, 42, 0, 0, 0, 0, 0);
INSERT INTO `creature` VALUES (147949, 47242, 36, 1581, 1581, 1, 1, 11686, 0, -66.6615, -805.149, 41.0334, 0, 7200, 0, 0, 42, 0, 0, 0, 0, 0);
INSERT INTO `creature` VALUES (147950, 48284, 36, 1581, 1581, 1, 1, 36085, 0, -192.785, -495.118, 53.5662, 0, 7200, 0, 0, 3, 0, 0, 0, 0, 0);
INSERT INTO `creature` VALUES (147951, 46906, 36, 1581, 1581, 1, 1, 29346, 0, -66.6233, -398.573, 54.6927, 4.85202, 7200, 0, 0, 800, 0, 0, 0, 0, 0);
INSERT INTO `creature` VALUES (147952, 45979, 36, 1581, 1581, 1, 1, 11686, 0, -64.2552, -820.245, 41.2374, 0, 7200, 0, 0, 77490, 0, 0, 0, 0, 0);
INSERT INTO `creature` VALUES (147953, 48342, 36, 1581, 1581, 1, 1, 36116, 0, -187.807, -497.68, 53.3452, 1.3065, 7200, 0, 0, 42, 0, 0, 0, 0, 0);
INSERT INTO `creature` VALUES (147954, 47242, 36, 1581, 1581, 1, 1, 11686, 0, -72.9931, -825.99, 40.4834, 0.244346, 7200, 0, 0, 42, 0, 0, 0, 0, 0);
INSERT INTO `creature` VALUES (147955, 48522, 36, 1581, 1581, 1, 1, 2348, 0, -119.554, -791.314, 17.193, 2.86234, 7200, 5, 0, 1312, 0, 1, 0, 0, 0);
INSERT INTO `creature` VALUES (147956, 47242, 36, 1581, 1581, 1, 1, 11686, 0, -51.8837, -833.491, 42.4604, 0, 7200, 0, 0, 42, 0, 0, 0, 0, 0);
INSERT INTO `creature` VALUES (147957, 47242, 36, 1581, 1581, 1, 1, 11686, 0, -205.2, -561.354, 21.0601, 0, 7200, 0, 0, 42, 0, 0, 0, 0, 0);
INSERT INTO `creature` VALUES (147959, 48340, 36, 1581, 1581, 1, 1, 36114, 0, -226.403, -488.768, 48.553, 2.52211, 7200, 0, 0, 42, 0, 0, 0, 0, 0);
INSERT INTO `creature` VALUES (147960, 48284, 36, 1581, 1581, 1, 1, 36085, 0, -249.444, -492.528, 49.2208, 0, 7200, 0, 0, 3, 0, 0, 0, 0, 0);
INSERT INTO `creature` VALUES (147961, 47284, 36, 1581, 1581, 1, 1, 11686, 0, -195.924, -436.646, 53.4248, 0, 7200, 0, 0, 42, 0, 0, 0, 0, 0);
INSERT INTO `creature` VALUES (147962, 48440, 36, 1581, 1581, 1, 1, 30184, 0, -178.653, -491.51, 54.4003, 6.23082, 7200, 0, 0, 300, 0, 0, 0, 0, 0);
INSERT INTO `creature` VALUES (147963, 48446, 36, 1581, 1581, 1, 1, 36147, 0, -12.0556, -740.252, 9.10946, 0, 7200, 0, 0, 42, 0, 0, 0, 0, 0);
INSERT INTO `creature` VALUES (147964, 47282, 36, 1581, 1581, 1, 1, 11686, 0, -190.347, -431.764, 53.7694, 0, 7200, 0, 0, 42, 0, 0, 0, 0, 0);
INSERT INTO `creature` VALUES (147965, 48266, 36, 1581, 1581, 1, 1, 21788, 0, -30.2622, -793.069, 19.237, 0.802851, 7200, 0, 0, 328, 0, 0, 0, 0, 0);
INSERT INTO `creature` VALUES (147967, 47242, 36, 1581, 1581, 1, 1, 11686, 0, -177.921, -433.079, 63.6494, 1.12896, 7200, 0, 0, 42, 0, 0, 0, 0, 0);
INSERT INTO `creature` VALUES (147969, 48522, 36, 1581, 1581, 1, 1, 2347, 0, -22.316, -833.927, 19.6427, 0.139626, 7200, 5, 0, 1312, 0, 1, 0, 0, 0);
INSERT INTO `creature` VALUES (147970, 48442, 36, 1581, 1581, 1, 1, 30185, 0, -168.326, -510.337, 53.5563, 4.71239, 7200, 0, 0, 300, 0, 0, 0, 0, 0);
INSERT INTO `creature` VALUES (147971, 47284, 36, 1581, 1581, 1, 1, 11686, 0, -197.222, -453.622, 54.8957, 0, 7200, 0, 0, 42, 0, 0, 0, 0, 0);
INSERT INTO `creature` VALUES (147973, 47242, 36, 1581, 1581, 1, 1, 11686, 0, -62.6927, -814.031, 41.3843, 4.32842, 7200, 0, 0, 42, 0, 0, 0, 0, 0);
INSERT INTO `creature` VALUES (147974, 47282, 36, 1581, 1581, 1, 1, 11686, 0, -203.391, -431.139, 54.4389, 0, 7200, 0, 0, 42, 0, 0, 0, 0, 0);
INSERT INTO `creature` VALUES (147975, 48522, 36, 1581, 1581, 1, 1, 2348, 0, -121.691, -835.438, 16.9671, 2.6529, 7200, 5, 0, 1312, 0, 1, 0, 0, 0);
INSERT INTO `creature` VALUES (147977, 47242, 36, 1581, 1581, 1, 1, 11686, 0, -208.552, -568.122, 25.2074, 0, 7200, 0, 0, 42, 0, 0, 0, 0, 0); 
 UPDATE creature_template SET unit_flags=0 WHERE entry=43778;
UPDATE creature_template SET unit_flags=0 WHERE entry=47739;
UPDATE creature_template SET unit_flags=0 WHERE entry=48280;
UPDATE creature_template SET dynamicflags=0 WHERE entry=48280;
UPDATE gameobject_template SET flags=33 WHERE entry=16397;
DELETE FROM creature_template_addon WHERE entry=48280;
INSERT INTO `creature_template_addon` VALUES ('48280', '0', '0', '0', '0', '431', null);
DELETE FROM linked_respawn WHERE guid IN (147619,147711,147725,147734);
